6 0.76015625 0.1796875 0.1580078125 0.346875
27 0.24140625 0.03125 0.0734375 0.0435546875
2 0.40546875 0.03515625 0.25 0.021875
30 0.32109375 0.03515625 0.0705078125 0.0080078125
1 0.55234375 0.03515625 0.0361328125 0.0203125
1 0.625 0.03515625 0.0908203125 0.025
26 0.55234375 0.03515625 0.0232421875 0.0078125
26 0.6296875 0.03515625 0.0658203125 0.0109375
23 0.590625 0.03515625 0.009375 0.0107421875
20 0.42734375 0.03125 0.49375 0.05
6 0.2328125 0.5203125 0.0970703125 0.1248046875
13 0.48046875 0.35390625 0.3875 0.584375