6 0.1421875 0.07734375 0.0810546875 0.140625
6 0.3171875 0.2015625 0.116015625 0.1216796875
6 0.4390625 0.2015625 0.116015625 0.1248046875
6 0.5609375 0.20234375 0.1189453125 0.1236328125
6 0.68125 0.20234375 0.1185546875 0.1236328125
2 0.7046875 0.05625 0.146875 0.024609375
30 0.6734375 0.05703125 0.077734375 0.0109375
23 0.7640625 0.05625 0.009765625 0.012890625
27 0.27890625 0.05859375 0.1171875 0.0265625
28 0.509375 0.090625 0.2595703125 0.018359375
28 0.50546875 0.1203125 0.3640625 0.021484375
36 0.4984375 0.3140625 0.1623046875 0.0216796875
14 0.5 0.33359375 0.2095703125 0.0109375
30 0.26328125 0.3625 0.0705078125 0.012109375
2 0.5 0.36171875 0.5529296875 0.0232421875
25 0.275 0.4859375 0.1033203125 0.1498046875
23 0.23046875 0.42109375 0.0169921875 0.0138671875
23 0.34296875 0.42109375 0.0140625 0.015625
23 0.45703125 0.4203125 0.0171875 0.015234375
23 0.56875 0.4203125 0.0158203125 0.015625
25 0.6125 0.4875 0.100390625 0.153125
23 0.65390625 0.4203125 0.0169921875 0.0154296875
20 0.4984375 0.0671875 0.6279296875 0.1341796875