27 0.30546875 0.03515625 0.0673828125 0.0673828125
23 0.609375 0.034375 0.031640625 0.0341796875
23 0.653125 0.03515625 0.0189453125 0.0267578125
28 0.40703125 0.11171875 0.25625 0.0234375
28 0.69921875 0.1046875 0.0203125 0.021875
1 0.6515625 0.10390625 0.0408203125 0.0392578125
1 0.49609375 0.18359375 0.33125 0.0388671875
14 0.5 0.23828125 0.3716796875 0.0455078125
30 0.37265625 0.30390625 0.1625 0.0203125
2 0.5 0.30390625 0.4376953125 0.0451171875
21 0.40859375 0.3828125 0.2607421875 0.040234375
11 0.5 0.5078125 0.4375 0.178125
11 0.49921875 0.6984375 0.4375 0.178125
11 0.5 0.88828125 0.443359375 0.1798828125
20 0.5015625 0.06875 0.4654296875 0.137109375