27 0.30390625 0.09765625 0.0326171875 0.034375
26 0.66171875 0.03671875 0.0763671875 0.025
1 0.6625 0.0359375 0.1091796875 0.040234375
6 0.5015625 0.03515625 0.441015625 0.0642578125
23 0.70390625 0.1 0.0267578125 0.0283203125
28 0.70390625 0.1 0.0375 0.0373046875
23 0.46953125 0.0984375 0.0234375 0.0220703125
30 0.515625 0.0984375 0.062890625 0.0248046875
2 0.5625 0.09765625 0.2310546875 0.0423828125
28 0.5078125 0.15703125 0.4529296875 0.0390625
22 0.50078125 0.30390625 0.4232421875 0.2138671875
20 0.50859375 0.12734375 0.4548828125 0.1111328125
25 0.359375 0.9390625 0.140625 0.096484375
25 0.5015625 0.9390625 0.141015625 0.097265625
25 0.64375 0.93828125 0.1408203125 0.0984375
17 0.5 0.8125 0.465625 0.0091796875
8 0.30078125 0.43515625 0.028125 0.0109375
24 0.31484375 0.4578125 0.0578125 0.058984375
24 0.41171875 0.45703125 0.0734375 0.0576171875
24 0.50234375 0.4578125 0.0625 0.053125
24 0.59453125 0.45625 0.0578125 0.0560546875
24 0.68828125 0.45703125 0.0517578125 0.0517578125
26 0.3171875 0.496875 0.0654296875 0.018359375
26 0.41015625 0.49765625 0.0638671875 0.0169921875
26 0.50234375 0.496875 0.0611328125 0.01875
26 0.59296875 0.49609375 0.0607421875 0.015625
26 0.68359375 0.496875 0.0625 0.01875
24 0.4203125 0.5890625 0.0748046875 0.0626953125
24 0.534375 0.58671875 0.074609375 0.0669921875
24 0.6578125 0.58828125 0.0814453125 0.0767578125
8 0.4078125 0.53984375 0.091015625 0.0205078125
8 0.5234375 0.5390625 0.0908203125 0.021875
8 0.64140625 0.5390625 0.0861328125 0.01875
11 0.41640625 0.61875 0.1109375 0.184375
11 0.53125 0.6171875 0.112890625 0.178515625
11 0.65078125 0.615625 0.1169921875 0.1814453125
21 0.50078125 0.8546875 0.4375 0.059375