27 0.5 0.1796875 0.0341796875 0.033984375
14 0.5 0.2203125 0.1498046875 0.0314453125
1 0.5 0.26171875 0.1470703125 0.028125
2 0.5 0.303125 0.149609375 0.028125
1 0.4421875 0.3265625 0.034765625 0.009375
1 0.5 0.353125 0.149609375 0.024609375
1 0.5 0.3828125 0.1470703125 0.021875
1 0.50078125 0.46796875 0.0794921875 0.0078125
26 0.49921875 0.353125 0.028125 0.0125
26 0.50078125 0.3828125 0.0421875 0.0125
30 0.478125 0.30390625 0.090625 0.0138671875
26 0.4640625 0.26171875 0.0279296875 0.009375
26 0.53515625 0.2625 0.0361328125 0.0125
23 0.434375 0.43984375 0.0220703125 0.0234375
23 0.46171875 0.440625 0.0234375 0.024609375
23 0.53828125 0.440625 0.021875 0.021875
23 0.565625 0.43984375 0.024609375 0.0236328125
23 0.41015625 0.17265625 0.0078125 0.0109375
28 0.41015625 0.17265625 0.01875 0.01875