27 0.24609375 0.01796875 0.0576171875 0.01875
23 0.20390625 0.01875 0.0171875 0.0185546875
28 0.203125 0.01796875 0.0248046875 0.025
28 0.434375 0.04921875 0.4783203125 0.0169921875
10 0.3046875 0.0703125 0.2220703125 0.0158203125
23 0.3 0.01875 0.012890625 0.012890625
23 0.73828125 0.0703125 0.0169921875 0.0125
23 0.471875 0.0140625 0.018359375 0.015234375
23 0.5078125 0.015625 0.0185546875 0.0154296875
23 0.54296875 0.0140625 0.01875 0.015625
23 0.58359375 0.01484375 0.01875 0.0169921875
23 0.62265625 0.0140625 0.01875 0.016015625
23 0.671875 0.52578125 0.015625 0.0169921875
23 0.79296875 0.4390625 0.0169921875 0.015234375
24 0.21171875 0.18671875 0.0357421875 0.0171875
24 0.26015625 0.1859375 0.0330078125 0.0185546875
24 0.30546875 0.18671875 0.0263671875 0.0265625
24 0.35234375 0.18671875 0.034375 0.0203125
24 0.39921875 0.1875 0.0330078125 0.019140625
24 0.446875 0.1859375 0.034375 0.016015625
24 0.49296875 0.18671875 0.0267578125 0.0265625
24 0.53984375 0.1859375 0.0330078125 0.0279296875
24 0.5859375 0.1859375 0.033984375 0.025
24 0.63203125 0.18671875 0.0265625 0.028125
1 0.3546875 0.1546875 0.0185546875 0.01875
1 0.5640625 0.3484375 0.1748046875 0.027734375
1 0.73203125 0.3484375 0.1484375 0.0279296875
1 0.6703125 0.01875 0.0498046875 0.0248046875
1 0.74921875 0.01953125 0.10625 0.025
34 0.2671875 0.15625 0.1435546875 0.0220703125
34 0.5796875 0.1546875 0.141015625 0.0248046875
33 0.33125 0.34140625 0.2779296875 0.0169921875
21 0.24921875 0.40859375 0.1109375 0.025
21 0.2765625 0.1078125 0.166015625 0.0216796875
20 0.5 0.04140625 1 0.0828125
21 0.68984375 0.1078125 0.0669921875 0.025
1 0.765625 0.07109375 0.08125 0.0142578125
24 0.58125 0.1125 0.144140625 0.0470703125
8 0.52265625 0.09921875 0.015625 0.015625
23 0.44296875 0.1296875 0.0125 0.015234375
30 0.3515625 0.01796875 0.0873046875 0.0109375
2 0.36484375 0.01796875 0.1609375 0.0265625
26 0.47265625 0.02578125 0.0328125 0.0078125
26 0.50703125 0.02578125 0.025 0.00625
26 0.54296875 0.02578125 0.0328125 0.0076171875
26 0.58359375 0.02578125 0.034375 0.0048828125
26 0.62265625 0.02578125 0.0296875 0.0078125
14 0.3140625 0.1296875 0.2408203125 0.0126953125
14 0.7046875 0.128125 0.091015625 0.012109375
25 0.678125 0.165625 0.037890625 0.0376953125
25 0.678125 0.2125 0.037890625 0.037890625
25 0.67890625 0.259375 0.0388671875 0.0375
25 0.678125 0.30703125 0.037890625 0.0388671875
23 0.32890625 0.4390625 0.015625 0.0154296875
23 0.48359375 0.43984375 0.0169921875 0.0140625
23 0.6390625 0.43984375 0.0154296875 0.0142578125
14 0.2671875 0.559375 0.146484375 0.0376953125
14 0.3796875 0.56015625 0.0564453125 0.0390625
14 0.53828125 0.5578125 0.0701171875 0.0373046875
14 0.709375 0.55859375 0.0998046875 0.0375
23 0.3296875 0.59765625 0.0154296875 0.0169921875
23 0.48359375 0.5984375 0.0140625 0.0126953125
23 0.6390625 0.5984375 0.0126953125 0.0126953125
23 0.79375 0.5984375 0.012890625 0.015234375
26 0.38203125 0.1546875 0.034375 0.0123046875
23 0.74765625 0.16484375 0.0921875 0.0361328125
23 0.753125 0.21328125 0.103125 0.0232421875
23 0.75234375 0.26015625 0.1044921875 0.0328125
23 0.75234375 0.30625 0.1044921875 0.030859375
26 0.21640625 0.21328125 0.04375 0.0140625
26 0.2046875 0.2296875 0.01875 0.0095703125
26 0.2046875 0.2453125 0.0220703125 0.009375
26 0.20703125 0.26328125 0.0232421875 0.0111328125
26 0.21328125 0.2796875 0.0357421875 0.009765625
26 0.209375 0.296875 0.0279296875 0.0095703125
26 0.21015625 0.31328125 0.03125 0.009375
26 0.2984375 0.2125 0.0279296875 0.012109375
26 0.2953125 0.2296875 0.01875 0.0126953125
26 0.29609375 0.246875 0.0234375 0.012109375
26 0.296875 0.26328125 0.0220703125 0.0109375
26 0.2984375 0.28046875 0.0251953125 0.0111328125
26 0.30078125 0.296875 0.0326171875 0.012109375
26 0.29765625 0.3125 0.025 0.012109375
26 0.384375 0.21328125 0.01875 0.0109375
26 0.38203125 0.2296875 0.015625 0.009765625
26 0.39609375 0.246875 0.0421875 0.0125
26 0.3875 0.26328125 0.0220703125 0.0107421875
26 0.38828125 0.2796875 0.0265625 0.0091796875
26 0.403125 0.296875 0.05625 0.0091796875
26 0.39453125 0.3140625 0.0388671875 0.0095703125
26 0.47890625 0.21328125 0.025 0.0107421875
26 0.4765625 0.23046875 0.021484375 0.0111328125
26 0.4828125 0.246875 0.033984375 0.0095703125
26 0.48125 0.26328125 0.030859375 0.0107421875
26 0.48046875 0.2796875 0.0267578125 0.0095703125
26 0.478125 0.29609375 0.025 0.009375
26 0.4796875 0.3140625 0.027734375 0.0095703125
26 0.5703125 0.21328125 0.027734375 0.0107421875
26 0.5703125 0.23046875 0.0248046875 0.0111328125
26 0.57890625 0.246875 0.0453125 0.0126953125
26 0.56875 0.2625 0.0248046875 0.012109375
26 0.56484375 0.27890625 0.0169921875 0.0107421875
26 0.565625 0.29609375 0.018359375 0.0107421875
26 0.5765625 0.3140625 0.0376953125 0.009765625
18 0.58515625 0.31328125 0.0611328125 0.0205078125
23 0.60390625 0.3125 0.0111328125 0.0125
26 0.21796875 0.35625 0.0484375 0.0123046875
26 0.434375 0.35703125 0.071875 0.0111328125