27 0.18046875 0.01953125 0.0830078125 0.021875
28 0.26796875 0.01875 0.0625 0.0220703125
1 0.1578125 0.04453125 0.040234375 0.0109375
2 0.47890625 0.01875 0.3484375 0.0216796875
30 0.340625 0.01875 0.0591796875 0.012109375
26 0.63359375 0.01875 0.0265625 0.012109375
1 0.63359375 0.01796875 0.0392578125 0.021875
1 0.6859375 0.0140625 0.0283203125 0.015234375
1 0.72421875 0.01796875 0.025 0.0236328125
1 0.76328125 0.01796875 0.034375 0.0236328125
1 0.8015625 0.0171875 0.0283203125 0.0248046875
1 0.8421875 0.01796875 0.040234375 0.0232421875
26 0.6859375 0.0265625 0.021875 0.00625
26 0.72421875 0.0265625 0.0234375 0.00625
26 0.7625 0.0265625 0.0314453125 0.0060546875
26 0.80078125 0.0265625 0.0265625 0.0064453125
26 0.8421875 0.01875 0.025 0.0095703125
28 0.55234375 0.04453125 0.6267578125 0.0078125
29 0.50078125 0.1921875 0.0482421875 0.0091796875
20 0.5 0.028125 1 0.05625
22 0.5 0.13046875 0.7158203125 0.1486328125
6 0.7953125 0.31328125 0.134375 0.1857421875
1 0.72421875 0.6109375 0.0736328125 0.0345703125
26 0.72421875 0.61171875 0.0265625 0.0111328125
1 0.6421875 0.6125 0.0625 0.012109375
31 0.50078125 0.6109375 0.546875 0.0408203125
11 0.9109375 0.58203125 0.1498046875 0.0765625
1 0.190625 0.44296875 0.1 0.0203125
1 0.303125 0.44140625 0.1 0.0205078125
1 0.41640625 0.4421875 0.0984375 0.021484375
1 0.528125 0.4421875 0.0998046875 0.0216796875
1 0.64140625 0.4421875 0.1 0.021484375
21 0.1765625 0.22734375 0.0783203125 0.0173828125
25 0.18984375 0.30078125 0.1013671875 0.1013671875
25 0.303125 0.30078125 0.1001953125 0.0986328125
8 0.26875 0.34140625 0.0279296875 0.0142578125
8 0.15546875 0.3421875 0.025 0.0154296875
8 0.15625 0.3765625 0.031640625 0.009765625
8 0.3796875 0.3765625 0.0283203125 0.0125
12 0.42109375 0.3515625 0.571875 0.2060546875