6 0.5 0.025 0.9970703125 0.049609375
27 0.228125 0.07265625 0.074609375 0.0203125
28 0.73671875 0.07421875 0.1357421875 0.0234375
22 0.5 0.2203125 0.6158203125 0.2470703125
2 0.6859375 0.17734375 0.1591796875 0.0296875
2 0.68671875 0.21171875 0.1578125 0.0267578125
1 0.6859375 0.2484375 0.1591796875 0.027734375
1 0.42265625 0.2890625 0.128125 0.0283203125
1 0.2875 0.28828125 0.125390625 0.0265625
11 0.68515625 0.22109375 0.1984375 0.2048828125
36 0.3375 0.1859375 0.2404296875 0.0966796875
14 0.328125 0.24765625 0.215625 0.0265625
7 0.5 0.61875 1 0.0408203125
36 0.49765625 0.43984375 0.4455078125 0.0326171875
23 0.24375 0.490625 0.024609375 0.015625
23 0.2421875 0.525 0.0220703125 0.0154296875
23 0.24375 0.56015625 0.0216796875 0.0138671875
23 0.37890625 0.49296875 0.0205078125 0.0171875
23 0.3796875 0.52578125 0.0216796875 0.0169921875
23 0.3796875 0.559375 0.021484375 0.0158203125
23 0.5171875 0.4921875 0.0216796875 0.015625
23 0.515625 0.525 0.0216796875 0.0154296875
23 0.515625 0.559375 0.0216796875 0.01875
23 0.65234375 0.49296875 0.0232421875 0.01875
23 0.653125 0.52578125 0.0220703125 0.015625
23 0.653125 0.559375 0.024609375 0.018359375