27 0.32109375 0.0265625 0.0953125 0.0408203125
25 0.440625 0.028125 0.0533203125 0.0435546875
1 0.4890625 0.03515625 0.033984375 0.0125
2 0.63046875 0.03515625 0.2330078125 0.0173828125
15 0.65234375 0.01328125 0.2 0.0109375
34 0.5 0.0609375 0.503125 0.021875
6 0.12421875 0.31015625 0.2484375 0.6201171875
6 0.8765625 0.2890625 0.2466796875 0.5779296875
1 0.3125 0.30546875 0.075 0.0234375
2 0.31171875 0.27421875 0.1125 0.0203125
2 0.31171875 0.246875 0.1138671875 0.0216796875
15 0.4890625 0.17578125 0.221875 0.1330078125
6 0.4875 0.30390625 0.2220703125 0.0763671875
6 0.48671875 0.3734375 0.2234375 0.065234375
34 0.6765625 0.11875 0.1498046875 0.021875
6 0.6765625 0.4609375 0.15 0.346875
20 0.5 0.040625 0.5033203125 0.08125