28 0.01640625 0.01640625 0.0328125 0.0328125
27 0.1484375 0.01640625 0.1966796875 0.0265625
18 0.71953125 0.015625 0.0328125 0.0126953125
34 0.803125 0.01875 0.0810546875 0.0283203125
23 0.89140625 0.015625 0.0236328125 0.012890625
1 0.96484375 0.01484375 0.0375 0.0169921875
29 0.50078125 0.18125 0.1078125 0.0091796875
22 0.5 0.1234375 1 0.1595703125
36 0.5 0.08515625 0.212109375 0.0203125
14 0.50078125 0.11171875 0.2794921875 0.0205078125
1 0.5 0.140625 0.1033203125 0.0189453125
26 0.49921875 0.14140625 0.0388671875 0.0080078125
2 0.50078125 0.20390625 0.5 0.0265625
23 0.26484375 0.20390625 0.0111328125 0.0111328125
30 0.3421875 0.20390625 0.128125 0.0138671875
21 0.2765625 0.2515625 0.04375 0.0123046875
21 0.55703125 0.25234375 0.06875 0.0111328125
15 0.3703125 0.32421875 0.2529296875 0.1265625
15 0.6328125 0.325 0.241015625 0.1220703125
21 0.50078125 0.43359375 0.065625 0.0236328125
12 0.5 0.53828125 1 0.1609375