27 0.2546875 0.01796875 0.097265625 0.0203125
28 0.4125 0.0171875 0.18125 0.0158203125
30 0.57109375 0.01796875 0.1044921875 0.0111328125
23 0.665625 0.01796875 0.012109375 0.0080078125
23 0.68125 0.01796875 0.009375 0.0107421875
2 0.60234375 0.01796875 0.1796875 0.0169921875
26 0.73671875 0.01796875 0.0390625 0.0140625
1 0.7359375 0.01796875 0.0533203125 0.0203125
1 0.78203125 0.0171875 0.0236328125 0.0095703125
37 0.296875 0.0546875 0.149609375 0.05
23 0.3609375 0.04453125 0.0123046875 0.0109375
14 0.29609375 0.0578125 0.1078125 0.0314453125
23 0.36640625 0.21640625 0.009375 0.0109375
26 0.3953125 0.2171875 0.0404296875 0.0095703125
1 0.38671875 0.21640625 0.0828125 0.0267578125
23 0.44453125 0.21640625 0.0107421875 0.0125
1 0.4453125 0.21640625 0.0248046875 0.0263671875
25 0.3828125 0.36015625 0.115625 0.1484375
21 0.4203125 0.271875 0.190234375 0.0154296875
25 0.50078125 0.36015625 0.115625 0.1484375
12 0.565625 0.35859375 0.481640625 0.1486328125
12 0.56640625 0.54296875 0.48125 0.1390625
20 0.5 0.01796875 0.6373046875 0.0359375