23 0.20234375 0.01640625 0.0125 0.0111328125
27 0.2484375 0.01640625 0.0685546875 0.0140625
23 0.68671875 0.01640625 0.0125 0.0140625
26 0.7203125 0.01640625 0.021875 0.0080078125
26 0.775 0.01640625 0.043359375 0.0107421875
1 0.72109375 0.01640625 0.0392578125 0.01875
1 0.77578125 0.01640625 0.0580078125 0.0203125
14 0.32421875 0.0171875 0.065625 0.009765625
26 0.653125 0.01640625 0.0341796875 0.0107421875
20 0.5 0.128125 1 0.2560546875
30 0.3484375 0.1515625 0.083984375 0.0126953125
26 0.34765625 0.18046875 0.08125 0.009375
26 0.44296875 0.18046875 0.06875 0.0109375
26 0.51875 0.18046875 0.0439453125 0.0107421875
26 0.59140625 0.18125 0.0638671875 0.0095703125
26 0.35546875 0.20703125 0.096875 0.0107421875
35 0.34765625 0.18046875 0.0953125 0.0203125
35 0.44296875 0.1796875 0.0826171875 0.021484375
35 0.51875 0.1796875 0.05625 0.0189453125
35 0.5921875 0.1796875 0.077734375 0.0189453125
35 0.35546875 0.20625 0.1111328125 0.019140625
2 0.50078125 0.1515625 0.4013671875 0.028125
24 0.2484375 0.14765625 0.0873046875 0.0828125
26 0.2125 0.06875 0.0279296875 0.0064453125
26 0.2703125 0.0734375 0.0251953125 0.0158203125
26 0.32734375 0.0734375 0.04375 0.015625
26 0.384375 0.07265625 0.0341796875 0.0169921875
26 0.44296875 0.06875 0.01875 0.006640625
26 0.5 0.0734375 0.0376953125 0.015625
26 0.55703125 0.0734375 0.0359375 0.015625
26 0.61484375 0.07265625 0.028125 0.0173828125
26 0.671875 0.0734375 0.0439453125 0.015625
26 0.7296875 0.06953125 0.025 0.009375
26 0.7875 0.06875 0.031640625 0.0091796875
23 0.21171875 0.0515625 0.0111328125 0.0095703125
23 0.26953125 0.0515625 0.0138671875 0.009765625
23 0.32734375 0.05234375 0.0111328125 0.0111328125
23 0.384375 0.05234375 0.0125 0.0109375
23 0.4421875 0.05234375 0.015234375 0.0140625
23 0.49921875 0.0515625 0.0138671875 0.0123046875
23 0.55703125 0.0515625 0.0111328125 0.0154296875
23 0.61484375 0.05234375 0.0142578125 0.0138671875
23 0.67265625 0.05234375 0.0138671875 0.0125
23 0.73046875 0.053125 0.0125 0.0125
23 0.7875 0.05234375 0.015625 0.015625
28 0.5015625 0.06484375 0.6095703125 0.0419921875
21 0.29296875 0.29609375 0.19375 0.0140625
14 0.2625 0.3359375 0.0404296875 0.0125
14 0.3375 0.3515625 0.1875 0.0095703125
14 0.303125 0.39921875 0.1185546875 0.0109375
14 0.346875 0.415625 0.20625 0.0095703125
14 0.2765625 0.46328125 0.0654296875 0.0107421875
14 0.30078125 0.47890625 0.1142578125 0.0107421875
14 0.6125 0.3359375 0.1154296875 0.0125
14 0.65390625 0.3515625 0.196875 0.009375
14 0.6125 0.39921875 0.112890625 0.0109375
14 0.6578125 0.415625 0.20625 0.0095703125
14 0.60078125 0.4625 0.0923828125 0.009375
14 0.6140625 0.47890625 0.1185546875 0.0080078125
23 0.48203125 0.34375 0.00625 0.006640625
23 0.4828125 0.40703125 0.0060546875 0.0080078125
23 0.48203125 0.4703125 0.0048828125 0.0064453125
23 0.79375 0.34375 0.0060546875 0.009375
23 0.79453125 0.4078125 0.0048828125 0.009375
23 0.79375 0.4703125 0.005859375 0.008984375
23 0.21875 0.34296875 0.0310546875 0.0326171875
23 0.21875 0.40703125 0.0310546875 0.034375
23 0.21875 0.4703125 0.03125 0.0314453125
23 0.53046875 0.34296875 0.0296875 0.0328125
23 0.53046875 0.40625 0.0298828125 0.03125
23 0.53125 0.4703125 0.0310546875 0.033984375
11 0.34453125 0.34375 0.296875 0.05
11 0.34453125 0.40703125 0.296875 0.0486328125
11 0.34375 0.47109375 0.296875 0.0486328125
11 0.65546875 0.34296875 0.296875 0.0486328125
11 0.65546875 0.40625 0.296875 0.0498046875
11 0.65546875 0.4703125 0.2955078125 0.0498046875
28 0.5 0.40703125 0.609375 0.1794921875
23 0.821875 0.56875 0.0185546875 0.018359375
14 0.25 0.54296875 0.0935546875 0.0232421875
14 0.4453125 0.54296875 0.066015625 0.0232421875
14 0.66171875 0.53671875 0.0830078125 0.0109375
14 0.24921875 0.56875 0.0919921875 0.0220703125
14 0.46171875 0.575 0.1015625 0.034375
14 0.6671875 0.56796875 0.096875 0.0453125
24 0.3453125 0.56640625 0.0658203125 0.065625
24 0.55234375 0.575 0.0611328125 0.0623046875
24 0.7625 0.57109375 0.065625 0.0794921875
11 0.29140625 0.56953125 0.1919921875 0.0953125
11 0.49921875 0.56953125 0.1919921875 0.0953125
11 0.70625 0.56875 0.1908203125 0.094140625
28 0.49921875 0.56875 0.6080078125 0.0970703125
12 0.5125 0.56953125 0.6375 0.1013671875
22 0.5 0.14375 1 0.2220703125