27 0.503125 0.0984375 0.0904296875 0.0845703125
14 0.503125 0.19453125 0.3720703125 0.0861328125
1 0.50078125 0.3015625 0.3892578125 0.06875
26 0.4078125 0.303125 0.065625 0.0283203125
26 0.590625 0.30234375 0.0875 0.0263671875
30 0.434375 0.4015625 0.2248046875 0.0341796875
2 0.50078125 0.4 0.3892578125 0.068359375
26 0.49921875 0.51875 0.0609375 0.024609375
1 0.50078125 0.51875 0.3859375 0.0560546875
1 0.5 0.590625 0.3876953125 0.0560546875
1 0.5015625 0.79140625 0.19375 0.0296875
26 0.5015625 0.58984375 0.103125 0.0267578125
23 0.34375 0.7265625 0.050390625 0.053125
23 0.4125 0.72734375 0.0533203125 0.0578125
23 0.590625 0.72578125 0.0564453125 0.0548828125
23 0.6578125 0.7265625 0.0501953125 0.05625
19 0.5 0.97421875 1 0.0515625
23 0.30234375 0.05078125 0.0203125 0.0328125
28 0.3015625 0.05234375 0.0251953125 0.040625