7 0.5 0.065625 0.462890625 0.106640625
27 0.3328125 0.05625 0.0783203125 0.0783203125
27 0.33359375 0.171875 0.084375 0.0501953125
23 0.5546875 0.17890625 0.0310546875 0.028125
23 0.60859375 0.178125 0.0294921875 0.030859375
23 0.6734375 0.17421875 0.033984375 0.028125
28 0.671875 0.171875 0.0716796875 0.0564453125
23 0.6890625 0.05703125 0.021875 0.0263671875
14 0.45078125 0.05859375 0.1298828125 0.0263671875
20 0.5 0.16640625 0.462890625 0.0951171875
29 0.5828125 0.421875 0.278125 0.0341796875
1 0.646875 0.71640625 0.1216796875 0.0453125
26 0.6484375 0.7140625 0.065625 0.0248046875
36 0.4921875 0.5703125 0.447265625 0.1529296875