23 0.29453125 0.02421875 0.025 0.0265625
23 0.33125 0.02578125 0.028125 0.0263671875
23 0.70703125 0.028125 0.0236328125 0.0248046875
28 0.70703125 0.02734375 0.0267578125 0.028125
27 0.496875 0.0265625 0.1189453125 0.0279296875
20 0.50078125 0.02578125 0.4611328125 0.0515625
22 0.5 0.2078125 0.462109375 0.3091796875
29 0.66875 0.24375 0.059375 0.0154296875
8 0.671875 0.27421875 0.119140625 0.0298828125
36 0.52734375 0.3140625 0.378125 0.053125
8 0.45546875 0.4953125 0.0888671875 0.021875
25 0.384375 0.4796875 0.2283203125 0.228515625
25 0.6171875 0.47890625 0.2283203125 0.23125
25 0.5 0.71328125 0.4625 0.23125
38 0.64296875 0.91015625 0.1736328125 0.115625
8 0.47421875 0.86640625 0.1625 0.03125