27 0.3421875 0.03359375 0.1248046875 0.0419921875
1 0.50625 0.0375 0.119140625 0.0279296875
23 0.621875 0.0359375 0.025 0.025
23 0.6640625 0.03515625 0.025 0.0265625
23 0.70625 0.03359375 0.0251953125 0.0294921875
28 0.5 0.1234375 0.4498046875 0.1001953125
28 0.50078125 0.28359375 0.4388671875 0.2044921875
23 0.434375 0.89375 0.028125 0.0279296875
26 0.515625 0.89296875 0.081640625 0.0232421875
1 0.5 0.89296875 0.2064453125 0.05
23 0.559375 0.725 0.0158203125 0.024609375
26 0.609375 0.7265625 0.074609375 0.021875
1 0.609375 0.725 0.219140625 0.0533203125
15 0.49921875 0.50546875 0.4361328125 0.225
20 0.5 0.090625 0.4623046875 0.18125