27 0.33203125 0.1234375 0.103125 0.0283203125
28 0.61015625 0.12265625 0.20625 0.0232421875
6 0.49609375 0.04609375 0.4546875 0.0921875
20 0.50234375 0.121875 0.4669921875 0.0623046875
36 0.4265625 0.228125 0.278125 0.1095703125
14 0.42734375 0.33125 0.2919921875 0.078125
24 0.65546875 0.31328125 0.1080078125 0.1421875
30 0.365625 0.4578125 0.078125 0.0310546875
30 0.37109375 0.53359375 0.0798828125 0.0265625
26 0.50078125 0.609375 0.08125 0.0220703125
2 0.5 0.45859375 0.369140625 0.0611328125
2 0.50078125 0.53359375 0.3673828125 0.059375
1 0.5015625 0.609375 0.366015625 0.062109375
1 0.50078125 0.67734375 0.1326171875 0.028125
1 0.50078125 0.72109375 0.19375 0.028125
1 0.503125 0.8171875 0.4279296875 0.0595703125
11 0.50078125 0.5765625 0.4234375 0.3875
31 0.50078125 0.94296875 0.4671875 0.1140625
1 0.68125 0.95703125 0.0654296875 0.0486328125
26 0.6796875 0.95703125 0.028515625 0.0201171875
14 0.4609375 0.9453125 0.3501953125 0.084375