27 0.3859375 0.02734375 0.1126953125 0.0421875
23 0.2953125 0.02109375 0.033984375 0.0296875
28 0.2953125 0.0203125 0.040625 0.034765625
24 0.5015625 0.30703125 0.4626953125 0.1951171875
22 0.50078125 0.303125 0.4609375 0.19375
1 0.703125 0.1203125 0.0533203125 0.046484375
2 0.51015625 0.1203125 0.3296875 0.04375
1 0.30546875 0.12109375 0.0673828125 0.046875
6 0.5015625 0.48125 0.459765625 0.053125
1 0.68828125 0.4296875 0.0875 0.040234375
1 0.6515625 0.8734375 0.1404296875 0.040625
8 0.36875 0.890625 0.1908203125 0.1875
25 0.65 0.71015625 0.1408203125 0.1955078125
25 0.49921875 0.7109375 0.1328125 0.196484375
26 0.49921875 0.42734375 0.0517578125 0.0265625
17 0.546875 0.42890625 0.0158203125 0.04375
17 0.45390625 0.4296875 0.0140625 0.0439453125
17 0.36171875 0.4296875 0.0140625 0.04375
23 0.71640625 0.55234375 0.0203125 0.0232421875
21 0.4609375 0.55625 0.38125 0.0310546875
23 0.546875 0.01875 0.034375 0.030859375
23 0.5984375 0.0203125 0.0373046875 0.028515625
23 0.64921875 0.02109375 0.034375 0.028125
23 0.7 0.02109375 0.0283203125 0.028125
17 0.5015625 0.05390625 0.478125 0.0048828125
34 0.31484375 0.1765625 0.0951171875 0.059765625
34 0.40859375 0.18125 0.0919921875 0.050390625
34 0.49921875 0.18203125 0.0919921875 0.0515625
34 0.59296875 0.18203125 0.09375 0.0517578125
34 0.68515625 0.18125 0.0951171875 0.0529296875
17 0.5015625 0.578125 0.46875 0.0060546875