23 0.303125 0.03671875 0.0310546875 0.025
28 0.303125 0.03671875 0.0345703125 0.03125
27 0.4125 0.0390625 0.155859375 0.0341796875
1 0.68984375 0.0390625 0.0517578125 0.0189453125
22 0.5015625 0.234375 0.4623046875 0.31875
24 0.325 0.14453125 0.0564453125 0.05
30 0.44375 0.1453125 0.1716796875 0.027734375
26 0.39140625 0.21796875 0.171875 0.0236328125
26 0.59375 0.21796875 0.1470703125 0.0234375
26 0.35234375 0.2765625 0.0888671875 0.0216796875
26 0.50859375 0.278125 0.1330078125 0.0220703125
26 0.40859375 0.33359375 0.203125 0.0232421875
35 0.38984375 0.2171875 0.2048828125 0.0466796875
35 0.59375 0.21796875 0.180859375 0.0482421875
35 0.3515625 0.2734375 0.1248046875 0.0470703125
35 0.50859375 0.27421875 0.1671875 0.046875
35 0.4078125 0.33125 0.240234375 0.046875
36 0.453125 0.46015625 0.3310546875 0.0701171875
26 0.440625 0.60390625 0.080859375 0.021875
26 0.52265625 0.79296875 0.2390625 0.0263671875
26 0.52578125 0.98359375 0.2513671875 0.0234375
23 0.6921875 0.60234375 0.0095703125 0.0173828125
23 0.69140625 0.79453125 0.0076171875 0.0203125
23 0.69296875 0.98203125 0.0111328125 0.015625
11 0.5015625 0.6046875 0.4248046875 0.153125
11 0.49921875 0.790625 0.4234375 0.1533203125
28 0.49921875 0.6984375 0.4263671875 0.3439453125
20 0.5 0.03828125 0.462109375 0.0765625