1 0.1265625 0.0640625 0.052734375 0.0251953125
37 0.128125 0.0703125 0.0779296875 0.06875
23 0.2171875 0.0234375 0.015234375 0.0189453125
1 0.21640625 0.021875 0.0232421875 0.0310546875
2 0.5265625 0.02265625 0.641015625 0.0359375
18 0.83359375 0.021875 0.025 0.03125
28 0.69296875 0.06015625 0.603125 0.0267578125
27 0.959375 0.0234375 0.0658203125 0.034375
12 0.50078125 0.16953125 0.7453125 0.1798828125
25 0.22421875 0.41875 0.1548828125 0.230859375
12 0.22421875 0.41875 0.1734375 0.318359375
1 0.28984375 0.553125 0.028125 0.0189453125
21 0.2625 0.284375 0.084375 0.030859375
21 0.4109375 0.28203125 0.1470703125 0.0267578125
25 0.409375 0.41640625 0.1560546875 0.2294921875
11 0.40859375 0.41796875 0.1736328125 0.315625
25 0.59140625 0.41953125 0.1546875 0.2298828125
21 0.621875 0.28671875 0.096875 0.0234375
20 0.49921875 0.0375 0.9984375 0.075
25 0.73515625 0.346875 0.075 0.0875
25 0.81640625 0.34765625 0.0734375 0.0861328125
25 0.7359375 0.4671875 0.072265625 0.090234375
25 0.8171875 0.4671875 0.071875 0.0876953125
11 0.22421875 0.7484375 0.175 0.315234375
25 0.22421875 0.74609375 0.1546875 0.2296875
25 0.40859375 0.75625 0.1546875 0.2091796875
25 0.5921875 0.74609375 0.153515625 0.2267578125
25 0.77578125 0.74609375 0.1546875 0.225
21 0.79453125 0.61640625 0.1232421875 0.0236328125