27 0.2125 0.10390625 0.078125 0.0236328125
28 0.74453125 0.10625 0.159375 0.0220703125
6 0.4984375 0.0421875 0.690625 0.084375
20 0.49921875 0.0625 0.6951171875 0.125
36 0.31953125 0.23125 0.265625 0.109375
14 0.34140625 0.315625 0.3109375 0.04375
26 0.29609375 0.37734375 0.18125 0.0263671875
1 0.29609375 0.378125 0.21875 0.04375
1 0.296875 0.43203125 0.21875 0.0419921875
26 0.2953125 0.43125 0.141015625 0.024609375
11 0.69375 0.31328125 0.244140625 0.3048828125
21 0.69140625 0.1890625 0.0421875 0.0220703125
26 0.6234375 0.23359375 0.0501953125 0.0173828125
26 0.628125 0.290625 0.062109375 0.019140625
2 0.690625 0.234375 0.2064453125 0.044140625
2 0.6921875 0.28984375 0.2060546875 0.0453125
26 0.69140625 0.34375 0.0576171875 0.025
1 0.69140625 0.34375 0.2046875 0.0435546875
1 0.69375 0.39296875 0.099609375 0.0236328125
22 0.5 0.3125 0.696875 0.378125
31 0.49921875 0.96953125 0.9984375 0.0609375
13 0.50078125 0.753125 0.6419921875 0.3716796875
28 0.496875 0.74140625 0.584375 0.1375
21 0.4125 0.6109375 0.4158203125 0.0376953125