27 0.228125 0.02421875 0.1029296875 0.0263671875
28 0.6765625 0.0265625 0.215625 0.022265625
23 0.80546875 0.02578125 0.0203125 0.0234375
28 0.8046875 0.02578125 0.0185546875 0.0142578125
20 0.50078125 0.025 0.6955078125 0.05
22 0.49921875 0.2109375 0.6951171875 0.2904296875
26 0.265625 0.30078125 0.1095703125 0.0173828125
1 0.265625 0.2984375 0.171875 0.04375
36 0.30859375 0.13984375 0.2673828125 0.0736328125
14 0.3390625 0.2234375 0.3310546875 0.06875
23 0.765625 0.30703125 0.025 0.0169921875
23 0.803125 0.30703125 0.0251953125 0.0142578125
1 0.765625 0.3078125 0.034375 0.0283203125
1 0.80390625 0.30703125 0.0357421875 0.028125
29 0.784375 0.30625 0.074609375 0.030859375
21 0.303125 0.44140625 0.256640625 0.0294921875
26 0.21953125 0.5015625 0.0669921875 0.0185546875
1 0.21953125 0.49921875 0.0798828125 0.034375
28 0.49296875 0.50078125 0.440625 0.021875
31 0.5 0.91484375 0.6625 0.1201171875
26 0.76484375 0.91640625 0.05 0.0142578125
1 0.7640625 0.91484375 0.1001953125 0.0357421875
14 0.4359375 0.9140625 0.5033203125 0.0876953125
21 0.30859375 0.590625 0.2076171875 0.01875
21 0.30234375 0.7734375 0.1953125 0.0158203125
14 0.3921875 0.63515625 0.3783203125 0.0453125
14 0.384375 0.8171875 0.362109375 0.0404296875