20 0.5015625 0.0640625 0.696484375 0.1064453125
6 0.24140625 0.3765625 0.1732421875 0.234375
6 0.74453125 0.634375 0.2080078125 0.4154296875
34 0.5015625 0.08515625 0.690625 0.0330078125
27 0.24609375 0.040625 0.1390625 0.0470703125
30 0.79921875 0.053125 0.0736328125 0.015625
23 0.47421875 0.05234375 0.0138671875 0.015625
1 0.47421875 0.05234375 0.0263671875 0.028125
2 0.6515625 0.05234375 0.378515625 0.028125
15 0.484375 0.24453125 0.30625 0.1828125
23 0.30625 0.3421875 0.0154296875 0.015625
23 0.30625 0.3796875 0.012109375 0.0185546875
30 0.23046875 0.34296875 0.13125 0.0107421875
30 0.23515625 0.38046875 0.121875 0.0107421875
2 0.240625 0.3796875 0.1533203125 0.0279296875
2 0.240625 0.3421875 0.1560546875 0.0283203125