23 0.175 0.021875 0.018359375 0.0125
28 0.175 0.021875 0.0439453125 0.04375
27 0.2703125 0.02109375 0.1033203125 0.0359375
23 0.7 0.021875 0.025 0.0216796875
23 0.7828125 0.02109375 0.015234375 0.0169921875
26 0.80703125 0.02265625 0.0298828125 0.0140625
1 0.7984375 0.0203125 0.0501953125 0.0185546875
28 0.59375 0.02109375 0.115625 0.0421875
22 0.50078125 0.17265625 0.6951171875 0.2263671875
29 0.5 0.25546875 0.149609375 0.0109375
26 0.50078125 0.2203125 0.0517578125 0.0125
1 0.5 0.21875 0.143359375 0.0248046875
36 0.5 0.13125 0.574609375 0.05625
23 0.1859375 0.28515625 0.015234375 0.0171875
30 0.290625 0.28515625 0.174609375 0.015625
2 0.50078125 0.2859375 0.6732421875 0.0373046875
20 0.49921875 0.02265625 0.6953125 0.0421875
15 0.3234375 0.45546875 0.321875 0.178125
15 0.678125 0.45078125 0.321875 0.1703125
21 0.5015625 0.609375 0.0939453125 0.031640625
11 0.40703125 0.7734375 0.1955078125 0.2625
11 0.61328125 0.77421875 0.1955078125 0.2609375
1 0.8328125 0.9484375 0.0341796875 0.0404296875
23 0.834375 0.9484375 0.0216796875 0.0220703125