27 0.50078125 0.2375 0.0611328125 0.0654296875
23 0.371875 0.2015625 0.012890625 0.021484375
28 0.37109375 0.20234375 0.0201171875 0.0263671875
14 0.50078125 0.3046875 0.2482421875 0.065234375
1 0.50078125 0.3765625 0.2546875 0.047265625
2 0.5 0.44609375 0.250390625 0.0482421875
30 0.46328125 0.4453125 0.1607421875 0.028515625
1 0.403125 0.484375 0.0626953125 0.0126953125
1 0.5015625 0.53125 0.2529296875 0.037890625
1 0.5 0.58125 0.250390625 0.0375
26 0.5 0.53125 0.0466796875 0.0189453125
26 0.50078125 0.5828125 0.0701171875 0.0216796875
26 0.4375 0.37578125 0.044140625 0.0201171875
26 0.56015625 0.3765625 0.0638671875 0.0220703125
14 0.50234375 0.64296875 0.1078125 0.01875
23 0.38984375 0.6796875 0.0421875 0.0408203125
23 0.4359375 0.6796875 0.0375 0.0408203125
23 0.56484375 0.68046875 0.0375 0.0419921875
23 0.61328125 0.68046875 0.0388671875 0.040625
19 0.5 0.85625 1 0.2875