27 0.24609375 0.04765625 0.1125 0.0388671875
23 0.72265625 0.05 0.0236328125 0.0283203125
23 0.76015625 0.0484375 0.01875 0.028125
23 0.7953125 0.046875 0.0251953125 0.0279296875
34 0.50625 0.04921875 0.103125 0.0232421875
28 0.4984375 0.1421875 0.628125 0.103515625
20 0.5 0.09765625 0.6341796875 0.1953125
25 0.39375 0.28515625 0.4033203125 0.1796875
25 0.7015625 0.2859375 0.209765625 0.1810546875
15 0.50234375 0.775 0.5955078125 0.0783203125
34 0.49609375 0.67734375 0.6263671875 0.0455078125
23 0.43828125 0.90859375 0.0234375 0.0203125
26 0.5125 0.909375 0.0720703125 0.0220703125
1 0.49921875 0.90859375 0.1830078125 0.0388671875
25 0.75390625 0.9375 0.1078125 0.075390625
23 0.55390625 0.67578125 0.015625 0.0171875
1 0.76484375 0.7203125 0.0796875 0.022265625