28 0.1796875 0.12109375 0.0279296875 0.0236328125
28 0.51796875 0.12265625 0.1705078125 0.01875
27 0.78125 0.075 0.119140625 0.037109375
1 0.3859375 0.0234375 0.1376953125 0.0279296875
26 0.38515625 0.02265625 0.109375 0.0171875
1 0.50390625 0.01796875 0.0875 0.0296875
23 0.475 0.01875 0.019140625 0.021875
26 0.51484375 0.01875 0.0576171875 0.012890625
6 0.5 0.284375 0.6873046875 0.2376953125
6 0.25390625 0.89453125 0.1923828125 0.1611328125
25 0.4921875 0.62421875 0.5123046875 0.334375
20 0.49921875 0.06953125 0.6953125 0.1390625