22 0.56796875 0.26796875 0.5234375 0.271875
20 0.5015625 0.06328125 0.677734375 0.125
27 0.2203125 0.0515625 0.103515625 0.040234375
1 0.31875 0.05625 0.06875 0.0220703125
30 0.44296875 0.05625 0.1669921875 0.0091796875
23 0.5859375 0.05703125 0.0216796875 0.0173828125
2 0.478125 0.0546875 0.246875 0.0216796875
1 0.7078125 0.0109375 0.0814453125 0.021484375
1 0.79140625 0.01015625 0.0830078125 0.0201171875
28 0.3390625 0.0109375 0.347265625 0.0189453125
34 0.49765625 0.09140625 0.6669921875 0.0267578125
28 0.2328125 0.62578125 0.127734375 0.3919921875
25 0.36328125 0.540625 0.0923828125 0.13125
25 0.4640625 0.53984375 0.0908203125 0.1326171875
25 0.565625 0.53984375 0.0935546875 0.1326171875
9 0.50078125 0.4828125 0.0201171875 0.0123046875
6 0.23515625 0.37265625 0.1236328125 0.0609375
6 0.23515625 0.22578125 0.1234375 0.0609375
23 0.70546875 0.04765625 0.025 0.0234375
23 0.73984375 0.04765625 0.0173828125 0.0234375
23 0.8109375 0.0484375 0.0279296875 0.027734375
6 0.234375 0.91953125 0.1220703125 0.0625