27 0.1984375 0.121875 0.0685546875 0.037890625
7 0.5 0.04375 0.693359375 0.0873046875
28 0.80625 0.121875 0.0498046875 0.044140625
23 0.80546875 0.12421875 0.0265625 0.0234375
20 0.5 0.11953125 0.694140625 0.0642578125
23 0.63671875 0.1328125 0.0236328125 0.021875
22 0.5015625 0.3703125 0.69375 0.434765625
36 0.60859375 0.36640625 0.45625 0.0548828125
14 0.7421875 0.40546875 0.1876953125 0.0201171875
26 0.79453125 0.4609375 0.0359375 0.0189453125
1 0.7953125 0.4609375 0.0720703125 0.0345703125
28 0.28671875 0.5203125 0.0826171875 0.0341796875
23 0.25703125 0.5203125 0.0142578125 0.0126953125
23 0.3125 0.52109375 0.015625 0.0142578125
21 0.684375 0.62734375 0.2185546875 0.0390625
14 0.54453125 0.6734375 0.10625 0.034375
14 0.4796875 0.70625 0.2283203125 0.0248046875
14 0.7265625 0.671875 0.1310546875 0.037109375
14 0.70625 0.7171875 0.1720703125 0.0466796875