27 0.2125 0.02734375 0.084375 0.025
28 0.81640625 0.02734375 0.0234375 0.0205078125
23 0.1953125 0.2390625 0.0154296875 0.01875
30 0.23046875 0.2375 0.0419921875 0.0158203125
12 0.51015625 0.1046875 0.6794921875 0.103515625
28 0.4875 0.18515625 0.6373046875 0.0390625
2 0.5015625 0.23828125 0.658984375 0.0451171875
20 0.5015625 0.18515625 0.696484375 0.3701171875
1 0.246875 0.2796875 0.015625 0.01875
26 0.20546875 0.2796875 0.0482421875 0.0158203125
26 0.3328125 0.27890625 0.065234375 0.0138671875
26 0.42734375 0.2796875 0.0794921875 0.0158203125
26 0.53046875 0.27890625 0.0767578125 0.0169921875
23 0.28828125 0.27890625 0.0173828125 0.0173828125
1 0.21875 0.27890625 0.093359375 0.0296875
1 0.321875 0.2796875 0.100390625 0.03125
1 0.428125 0.27890625 0.1001953125 0.0328125
1 0.53125 0.2796875 0.09375 0.033984375
1 0.5 0.325 0.6533203125 0.0470703125
26 0.23984375 0.325 0.1076171875 0.018359375
23 0.80546875 0.325 0.0125 0.0248046875
21 0.24140625 0.40234375 0.1423828125 0.0236328125
23 0.17265625 0.47578125 0.0232421875 0.0232421875
23 0.484375 0.446875 0.0185546875 0.015625
23 0.81328125 0.446875 0.0169921875 0.0158203125
23 0.4828125 0.76875 0.016015625 0.015625
23 0.8140625 0.76953125 0.016015625 0.0171875
26 0.5 0.96484375 0.137890625 0.015625
1 0.50078125 0.96484375 0.1798828125 0.0326171875
11 0.66484375 0.58671875 0.3265625 0.3107421875
25 0.6640625 0.553125 0.325 0.2404296875