20 0.49921875 0.02578125 0.690625 0.05
23 0.19140625 0.02421875 0.0205078125 0.0234375
23 0.371875 0.02421875 0.015625 0.0140625
23 0.64765625 0.0234375 0.0171875 0.0125
23 0.6671875 0.02421875 0.015234375 0.0138671875
30 0.56796875 0.02421875 0.1357421875 0.0138671875
27 0.28359375 0.0234375 0.1388671875 0.022265625
26 0.43203125 0.02421875 0.0955078125 0.0138671875
2 0.5859375 0.0234375 0.1908203125 0.0248046875
1 0.79296875 0.02421875 0.0298828125 0.0138671875
26 0.73125 0.025 0.05625 0.01875
1 0.73125 0.02421875 0.0751953125 0.0294921875
36 0.2859375 0.1078125 0.165234375 0.0251953125
22 0.496875 0.2046875 0.634375 0.271484375
23 0.23359375 0.29375 0.0142578125 0.0154296875
23 0.34140625 0.29375 0.0142578125 0.015625
26 0.275 0.29453125 0.05625 0.0142578125
1 0.2625 0.29375 0.1126953125 0.0373046875
1 0.34140625 0.29375 0.0375 0.0375
21 0.30859375 0.36796875 0.259375 0.0171875
25 0.2578125 0.48828125 0.1560546875 0.2
25 0.41796875 0.48828125 0.1546875 0.2013671875
25 0.57734375 0.48828125 0.1544921875 0.1986328125
25 0.73671875 0.48828125 0.1546875 0.2
12 0.5046875 0.4875 0.65 0.2
23 0.21953125 0.7625 0.0142578125 0.012890625
26 0.2484375 0.7625 0.040625 0.0095703125
1 0.24140625 0.76171875 0.08125 0.0294921875
25 0.3375 0.72109375 0.3154296875 0.1517578125
8 0.5140625 0.65625 0.0216796875 0.0126953125
25 0.55 0.72109375 0.1001953125 0.1517578125
23 0.55390625 0.7859375 0.009375 0.0091796875
26 0.57734375 0.78671875 0.0330078125 0.009375
1 0.57109375 0.78671875 0.0515625 0.0140625
25 0.65703125 0.72109375 0.1013671875 0.153125
12 0.5046875 0.7359375 0.6564453125 0.190234375
26 0.528125 0.9109375 0.0345703125 0.0126953125
1 0.52734375 0.9109375 0.04375 0.021484375
26 0.47578125 0.9109375 0.0517578125 0.016015625
23 0.29453125 0.62421875 0.0107421875 0.0140625
21 0.2328125 0.62421875 0.10625 0.01875