27 0.50078125 0.021875 0.0611328125 0.015625
23 0.821875 0.021875 0.0185546875 0.0248046875
23 0.21171875 0.02109375 0.0201171875 0.0205078125
23 0.178125 0.0203125 0.0185546875 0.01875
20 0.5 0.0203125 0.69375 0.0404296875
11 0.284375 0.3234375 0.2279296875 0.271484375
11 0.528125 0.32265625 0.225 0.2703125
11 0.75390625 0.321875 0.1859375 0.2716796875
1 0.259375 0.10390625 0.1783203125 0.0357421875
1 0.5125 0.10234375 0.3033203125 0.0361328125
1 0.73515625 0.10234375 0.1169921875 0.034375
21 0.25859375 0.15703125 0.1826171875 0.0236328125
21 0.21171875 0.496875 0.08125 0.0248046875
21 0.24453125 0.73125 0.1544921875 0.03125
25 0.28359375 0.40078125 0.228125 0.1138671875
25 0.52734375 0.40078125 0.2234375 0.1140625
25 0.75390625 0.4 0.1861328125 0.1126953125