27 0.2375 0.05 0.0873046875 0.0439453125
36 0.31484375 0.134375 0.2359375 0.1095703125
12 0.5 0.3765625 1 0.065234375
21 0.5 0.48203125 0.350390625 0.0515625
23 0.46796875 0.55703125 0.0142578125 0.0171875
23 0.53203125 0.55703125 0.0142578125 0.015625
1 0.51796875 0.2875 0.0296875 0.0310546875
30 0.275 0.28828125 0.1283203125 0.0173828125
2 0.36953125 0.28828125 0.3517578125 0.0576171875
26 0.7640625 0.04921875 0.0626953125 0.0109375
1 0.76484375 0.05 0.0794921875 0.0220703125
28 0.69375 0.0484375 0.2279296875 0.027734375
23 0.20625 0.37734375 0.021875 0.021875
23 0.79375 0.378125 0.021875 0.024609375
24 0.2609375 0.378125 0.0125 0.0125
24 0.3578125 0.378125 0.0125 0.012890625
24 0.471875 0.378125 0.0125 0.0125
24 0.5921875 0.378125 0.0123046875 0.0125
24 0.6953125 0.37734375 0.0123046875 0.0125
26 0.28359375 0.37734375 0.0173828125 0.009375
26 0.396875 0.37734375 0.0501953125 0.0111328125
26 0.5109375 0.37734375 0.05 0.0125
26 0.62421875 0.378125 0.0361328125 0.0126953125
26 0.7375 0.37734375 0.05625 0.0125
24 0.7046875 0.2390625 0.2720703125 0.221484375