27 0.2234375 0.0265625 0.083984375 0.04375
28 0.62109375 0.02578125 0.384375 0.0388671875
26 0.74609375 0.02578125 0.10625 0.021875
1 0.746875 0.0265625 0.134375 0.0375
36 0.3828125 0.12890625 0.4 0.0767578125
14 0.4078125 0.23203125 0.4466796875 0.0921875
30 0.284375 0.3375 0.15625 0.024609375
1 0.51796875 0.33671875 0.0484375 0.0484375
2 0.36875 0.3390625 0.3654296875 0.0720703125
22 0.49921875 0.253125 0.696875 0.349609375
24 0.7234375 0.325 0.2470703125 0.203125
12 0.49921875 0.47890625 0.6953125 0.1048828125
21 0.50234375 0.6265625 0.609375 0.0845703125
12 0.509375 0.90859375 0.6658203125 0.1828125
23 0.4453125 0.75078125 0.0251953125 0.0267578125
23 0.5546875 0.7515625 0.028125 0.027734375