27 0.30390625 0.04609375 0.115625 0.0296875
28 0.5 0.08125 0.499609375 0.0248046875
2 0.51640625 0.04765625 0.234375 0.0234375
28 0.48046875 0.159375 0.4642578125 0.015625
28 0.346875 0.0078125 0.187890625 0.0154296875
23 0.73828125 0.00859375 0.0140625 0.0142578125
23 0.72109375 0.00859375 0.0142578125 0.0138671875
23 0.7046875 0.00859375 0.015234375 0.0111328125
6 0.5 0.21484375 0.494140625 0.0453125
25 0.34453125 0.3140625 0.184375 0.121484375
6 0.69375 0.3171875 0.10625 0.090625
25 0.296875 0.4375 0.0908203125 0.0591796875
25 0.39140625 0.4375 0.0875 0.05625
34 0.34296875 0.39609375 0.1875 0.0232421875
34 0.34296875 0.5265625 0.1859375 0.0216796875
28 0.48828125 0.03125 0.1828125 0.0125
28 0.53671875 0.2625 0.1892578125 0.0248046875