27 0.22890625 0.06484375 0.1548828125 0.0451171875
28 0.2828125 0.01171875 0.2625 0.0205078125
1 0.7625 0.01171875 0.01875 0.0109375
23 0.7859375 0.0125 0.0185546875 0.018359375
23 0.809375 0.0125 0.01875 0.0185546875
23 0.83359375 0.0125 0.0171875 0.018359375
30 0.403125 0.06640625 0.071875 0.0125
26 0.65703125 0.065625 0.0267578125 0.0158203125
1 0.6578125 0.065625 0.053515625 0.0251953125
2 0.52265625 0.065625 0.3265625 0.025390625
28 0.4828125 0.04296875 0.253515625 0.015625
23 0.7359375 0.05859375 0.0154296875 0.0142578125
23 0.78125 0.059375 0.0154296875 0.0154296875
23 0.828125 0.059375 0.015625 0.0154296875
26 0.73671875 0.0734375 0.034375 0.0095703125
26 0.7828125 0.0734375 0.0341796875 0.0095703125
26 0.828125 0.07421875 0.0341796875 0.0111328125
28 0.5 0.1125 0.6939453125 0.028125
15 0.49921875 0.2515625 0.696875 0.027734375
6 0.50078125 0.30078125 0.69375 0.0625
28 0.196875 0.1796875 0.078125 0.0439453125
28 0.284375 0.1796875 0.0716796875 0.0439453125
28 0.3765625 0.1796875 0.090234375 0.046484375
28 0.4703125 0.1796875 0.078125 0.0439453125
28 0.565625 0.18046875 0.0873046875 0.04375
28 0.6640625 0.18046875 0.0876953125 0.0423828125
28 0.75234375 0.18125 0.0765625 0.0435546875
28 0.47265625 0.221875 0.6390625 0.0189453125
34 0.553125 0.3703125 0.2625 0.0248046875
14 0.55 0.4828125 0.25625 0.1091796875
14 0.55 0.6171875 0.2595703125 0.1