27 0.0765625 0.0390625 0.128125 0.041015625
34 0.15078125 0.07109375 0.2828125 0.015625
15 0.5 0.48203125 0.9751953125 0.2982421875
20 0.5 0.06484375 1 0.1294921875
10 0.02578125 0.13828125 0.034375 0.0111328125
18 0.2359375 0.1203125 0.0283203125 0.016015625
2 0.134375 0.1203125 0.2314453125 0.0158203125
26 0.81171875 0.03046875 0.0138671875 0.0109375
1 0.903125 0.03125 0.0064453125 0.0064453125
1 0.91875 0.04453125 0.0375 0.0111328125
2 0.85859375 0.03125 0.0767578125 0.0123046875
30 0.8421875 0.03203125 0.0404296875 0.0076171875
2 0.85859375 0.0453125 0.0767578125 0.0123046875
26 0.81171875 0.0453125 0.0140625 0.0064453125
18 0.9578125 0.07109375 0.05625 0.0111328125
1 0.903125 0.07109375 0.0408203125 0.0125