34 0.415625 0.07890625 0.29375 0.0419921875
27 0.3328125 0.0296875 0.121875 0.0435546875
26 0.55625 0.03203125 0.0341796875 0.0171875
1 0.55625 0.03203125 0.0904296875 0.0296875
1 0.66875 0.0328125 0.1029296875 0.0216796875
10 0.3109375 0.17109375 0.072265625 0.0201171875
30 0.346875 0.12578125 0.1033203125 0.0203125
18 0.6546875 0.0796875 0.134375 0.0310546875
18 0.63984375 0.125 0.071875 0.0341796875
1 0.70234375 0.12421875 0.0328125 0.0328125
23 0.70234375 0.12578125 0.0203125 0.0203125
2 0.48203125 0.12578125 0.3890625 0.034375
20 0.5015625 0.075 0.4625 0.15
15 0.5015625 0.803125 0.4625 0.39375
15 0.384375 0.40859375 0.23125 0.2796875
15 0.6171875 0.4109375 0.2279296875 0.2810546875