27 0.196875 0.04453125 0.1564453125 0.0359375
18 0.2984375 0.05078125 0.0375 0.0171875
28 0.496875 0.009375 0.99375 0.01875
28 0.403125 0.0890625 0.4966796875 0.0251953125
2 0.71796875 0.04375 0.3140625 0.0220703125
30 0.58828125 0.04296875 0.0453125 0.015625
1 0.85 0.04296875 0.0470703125 0.01875
26 0.85234375 0.04375 0.0267578125 0.012890625
28 0.6984375 0.0625 0.2751953125 0.0125
22 0.4984375 0.26796875 0.996875 0.3359375
29 0.13671875 0.4109375 0.0669921875 0.009765625
15 0.5 0.59765625 0.765625 0.246875
4 0.50078125 0.80625 0.75 0.1