27 0.19375 0.04453125 0.1279296875 0.0388671875
28 0.5078125 0.0515625 0.25625 0.0404296875
3 0.86171875 0.04453125 0.0296875 0.0296875
28 0.19140625 0.253125 0.10625 0.2314453125
12 0.45859375 0.3375 0.3767578125 0.074609375
29 0.60859375 0.278125 0.0642578125 0.0126953125
12 0.459375 0.21171875 0.3751953125 0.1611328125
20 0.5 0.0359375 1 0.071875
28 0.49921875 0.0078125 0.7546875 0.015625
23 0.19375 0.10078125 0.0126953125 0.0142578125
30 0.25703125 0.1 0.1013671875 0.0154296875
2 0.5015625 0.1 0.646875 0.0375
23 0.721875 0.09921875 0.0220703125 0.0205078125
26 0.7796875 0.1 0.034765625 0.01875
1 0.78125 0.1 0.084375 0.0314453125
22 0.45859375 0.21328125 0.3765625 0.1640625
15 0.76484375 0.3 0.21875 0.049609375
6 0.50078125 0.421875 0.7484375 0.0814453125
11 0.31015625 0.75234375 0.3732421875 0.1984375
11 0.690625 0.753125 0.3720703125 0.1998046875
25 0.19375 0.74765625 0.1123046875 0.1111328125
25 0.3109375 0.74609375 0.103515625 0.1138671875
25 0.425 0.74765625 0.109375 0.1125
25 0.63203125 0.76171875 0.2263671875 0.1453125
25 0.8046875 0.76328125 0.1091796875 0.14375