27 0.2984375 0.02890625 0.0591796875 0.0548828125
28 0.70390625 0.02890625 0.0486328125 0.0544921875
25 0.5 0.359375 0.4595703125 0.43125
8 0.30078125 0.16640625 0.059375 0.04375
34 0.49765625 0.79375 0.4640625 0.059375
25 0.3515625 0.878125 0.141015625 0.0935546875
36 0.475 0.63046875 0.3935546875 0.05
21 0.35546875 0.5953125 0.15 0.01875
14 0.4296875 0.671875 0.2970703125 0.021875
23 0.7046875 0.71484375 0.0279296875 0.03125
20 0.49921875 0.059375 0.465625 0.1185546875
35 0.5359375 0.08515625 0.197265625 0.0326171875
23 0.7140625 0.0875 0.015234375 0.0220703125