27 0.2359375 0.028125 0.05625 0.055859375
28 0.48203125 0.06328125 0.5453125 0.0109375
1 0.3625 0.04453125 0.046875 0.0140625
26 0.3625 0.04375 0.0341796875 0.0064453125
26 0.60703125 0.025 0.0142578125 0.00625
26 0.6359375 0.02421875 0.0345703125 0.0076171875
26 0.6796875 0.02421875 0.04375 0.0048828125
26 0.725 0.02421875 0.037890625 0.00625
26 0.7671875 0.02421875 0.034375 0.0048828125
26 0.778125 0.0671875 0.01875 0.0060546875
30 0.68515625 0.0421875 0.0392578125 0.0091796875
23 0.7734375 0.04140625 0.009765625 0.0109375
23 0.778125 0.0578125 0.0123046875 0.0123046875
23 0.60703125 0.0140625 0.015625 0.009765625
23 0.6359375 0.0140625 0.0158203125 0.015234375
23 0.67890625 0.01484375 0.0232421875 0.0109375
23 0.725 0.01484375 0.012890625 0.0109375
23 0.76640625 0.015625 0.0142578125 0.0125
2 0.7234375 0.0421875 0.1283203125 0.0189453125
35 0.325 0.084375 0.0841796875 0.012890625
35 0.42734375 0.08359375 0.0986328125 0.0111328125
20 0.5 0.04765625 1 0.0953125
6 0.49921875 0.1703125 0.4826171875 0.1251953125
25 0.41796875 0.334375 0.4138671875 0.178125
11 0.41796875 0.3828125 0.4138671875 0.277734375
34 0.7140625 0.259375 0.1501953125 0.0283203125
29 0.759375 0.5125 0.04375 0.0123046875
13 0.7109375 0.38203125 0.1498046875 0.2734375
36 0.41953125 0.4609375 0.403125 0.04375
23 0.6140625 0.51171875 0.009765625 0.0125
6 0.28828125 0.61015625 0.1513671875 0.1078125
25 0.49609375 0.57890625 0.2419921875 0.0953125
8 0.39375 0.5390625 0.0376953125 0.0154296875
25 0.7078125 0.57890625 0.1564453125 0.0953125
25 0.41953125 0.334375 0.4125 0.1783203125