27 0.040625 0.01875 0.074609375 0.0248046875
23 0.8515625 0.0203125 0.022265625 0.0248046875
23 0.98046875 0.01953125 0.0171875 0.0173828125
28 0.98125 0.01796875 0.0283203125 0.0326171875
28 0.21796875 0.0609375 0.425 0.0248046875
8 0.0703125 0.10625 0.121875 0.031640625
25 0.321875 0.4203125 0.525 0.2966796875
25 0.8 0.396875 0.28125 0.159375
25 0.18515625 0.771875 0.2546875 0.1435546875
25 0.80078125 0.8796875 0.2798828125 0.1158203125
1 0.66640625 0.97890625 0.134375 0.0267578125
1 0.83125 0.97890625 0.1779296875 0.0296875
23 0.934375 0.95390625 0.01875 0.0142578125
23 0.64140625 0.015625 0.0109375 0.018359375
23 0.934375 0.7859375 0.0154296875 0.0216796875
1 0.4515625 0.10546875 0.084375 0.0171875
1 0.83828125 0.18515625 0.2078125 0.0388671875
21 0.1421875 0.146875 0.1720703125 0.028125
21 0.30546875 0.603125 0.4986328125 0.055859375
14 0.3125 0.64921875 0.5126953125 0.0328125
21 0.1828125 0.8734375 0.253125 0.0466796875
21 0.16875 0.9515625 0.130859375 0.021484375
1 0.20078125 0.98984375 0.0888671875 0.0169921875
21 0.73515625 0.28359375 0.159375 0.0390625
21 0.79375 0.50625 0.2748046875 0.044140625
17 0.275 0.1984375 0.0060546875 0.065625
17 0.49921875 0.1984375 0.0109375 0.0658203125
17 0.725 0.19765625 0.0064453125 0.0611328125
17 0.4984375 0.24140625 0.996875 0.0140625
17 0.8015625 0.66015625 0.2876953125 0.0107421875
17 0.7984375 0.7609375 0.290234375 0.015234375
17 0.80390625 0.55859375 0.2892578125 0.0107421875