27 0.07265625 0.02109375 0.0671875 0.0298828125
23 0.1265625 0.0203125 0.016015625 0.016015625
28 0.1375 0.01953125 0.0408203125 0.0234375
26 0.14609375 0.01953125 0.0173828125 0.0125
36 0.5015625 0.01875 0.240234375 0.0345703125
23 0.94609375 0.01875 0.0142578125 0.0220703125
1 0.9609375 0.01875 0.0623046875 0.025
26 0.9703125 0.01875 0.033984375 0.0095703125
23 0.76875 0.30078125 0.0125 0.0111328125
1 0.76796875 0.30078125 0.0201171875 0.0201171875
30 0.6609375 0.30078125 0.1095703125 0.0109375
2 0.690625 0.3 0.178125 0.01875
21 0.5 0.3 0.1564453125 0.0216796875
36 0.50390625 0.08046875 0.325 0.021875
30 0.4125 0.125 0.1125 0.0125
30 0.51640625 0.12421875 0.0455078125 0.0109375
23 0.3484375 0.12421875 0.0123046875 0.0125
23 0.4875 0.1234375 0.0095703125 0.0125
23 0.63125 0.125 0.0185546875 0.018359375
20 0.5 0.0203125 0.9998046875 0.040625
2 0.40859375 0.1234375 0.1390625 0.028125
2 0.56171875 0.12421875 0.1642578125 0.0267578125
24 0.12265625 0.21015625 0.0423828125 0.0421875
24 0.2484375 0.21015625 0.0435546875 0.0423828125
24 0.37421875 0.21015625 0.04375 0.04375
24 0.5 0.21015625 0.0439453125 0.0451171875
24 0.6265625 0.21015625 0.04375 0.04375
24 0.75234375 0.21015625 0.04375 0.0451171875
24 0.87734375 0.21015625 0.04375 0.0451171875
23 0.90703125 0.1234375 0.0107421875 0.0123046875
23 0.90703125 0.15234375 0.0107421875 0.0140625
23 0.99140625 0.1234375 0.0107421875 0.0095703125
23 0.9921875 0.1515625 0.0064453125 0.0095703125
24 0.2640625 0.39140625 0.0720703125 0.053125
24 0.540625 0.38984375 0.0716796875 0.0705078125
24 0.4984375 0.61015625 0.158984375 0.0951171875
25 0.7015625 0.61171875 0.1626953125 0.1
24 0.2984375 0.6125 0.1623046875 0.1
1 0.94609375 0.12265625 0.1078125 0.0267578125
1 0.94609375 0.1515625 0.1078125 0.025
1 0.33515625 0.39609375 0.0611328125 0.0203125
1 0.6140625 0.40546875 0.065234375 0.0203125
17 0.49765625 0.38984375 0.0078125 0.0736328125
11 0.29765625 0.56171875 0.165625 0.203125
11 0.49921875 0.5625 0.1640625 0.2033203125
11 0.7015625 0.56171875 0.1625 0.2015625
17 0.5 0.32109375 0.034375 0.0078125
22 0.5 0.15234375 1 0.2234375