28 0.19609375 0.0265625 0.0638671875 0.0248046875
27 0.4984375 0.02421875 0.158984375 0.0482421875
1 0.79921875 0.0265625 0.0861328125 0.0314453125
23 0.7703125 0.02578125 0.0220703125 0.0234375
26 0.8125 0.02578125 0.056640625 0.0140625
36 0.49921875 0.11640625 0.2986328125 0.0669921875
20 0.5 0.025 0.6939453125 0.049609375
23 0.34765625 0.1890625 0.0173828125 0.0185546875
23 0.3484375 0.240625 0.009765625 0.018359375
23 0.646875 0.2171875 0.025 0.0283203125
2 0.47578125 0.18828125 0.2888671875 0.0455078125
30 0.45625 0.18671875 0.1908203125 0.01875
30 0.39609375 0.24140625 0.0732421875 0.0125
2 0.47421875 0.240625 0.2875 0.0470703125
14 0.50078125 0.2859375 0.2828125 0.0126953125
28 0.49609375 0.4 0.5669921875 0.1154296875
23 0.28125 0.38046875 0.0720703125 0.0732421875
23 0.5 0.3796875 0.071875 0.0720703125
23 0.72109375 0.3796875 0.0732421875 0.071875
21 0.5 0.50234375 0.1248046875 0.0330078125
14 0.503125 0.54296875 0.5033203125 0.021875
26 0.4234375 0.578125 0.05625 0.0125
26 0.54453125 0.57890625 0.115625 0.0140625
1 0.42421875 0.578125 0.0826171875 0.0310546875
1 0.54296875 0.578125 0.1392578125 0.030859375
21 0.49921875 0.66640625 0.2671875 0.0361328125
17 0.50078125 0.703125 0.0451171875 0.0158203125
30 0.453125 0.74765625 0.1845703125 0.0169921875
23 0.63515625 0.74609375 0.0171875 0.0171875
1 0.634375 0.746875 0.028125 0.0310546875
2 0.5 0.746875 0.296875 0.0314453125
22 0.5 0.2578125 0.6966796875 0.415625
14 0.39765625 0.81875 0.1357421875 0.0216796875
14 0.403125 0.85859375 0.1501953125 0.0326171875
14 0.71640625 0.8953125 0.1515625 0.0626953125
14 0.69765625 0.83125 0.1171875 0.0435546875
26 0.38046875 0.89609375 0.0705078125 0.009375
1 0.38046875 0.8953125 0.1 0.0310546875
1 0.69453125 0.9484375 0.10625 0.028515625
26 0.69453125 0.94765625 0.0798828125 0.0109375
24 0.2640625 0.8640625 0.11875 0.083984375
24 0.5734375 0.865625 0.10625 0.103125
11 0.50078125 0.88515625 0.6451171875 0.20625