28 0.30546875 0.03828125 0.0357421875 0.028125
27 0.434375 0.03515625 0.1875 0.065625
23 0.69453125 0.03515625 0.0361328125 0.0375
20 0.49921875 0.0375 0.4640625 0.06875
36 0.50703125 0.15625 0.3390625 0.093359375
22 0.50234375 0.3609375 0.4642578125 0.578515625
14 0.5015625 0.40703125 0.402734375 0.028125
2 0.46484375 0.26796875 0.3453125 0.0732421875
2 0.465625 0.34609375 0.343359375 0.0703125
23 0.315625 0.2625 0.0220703125 0.0248046875
23 0.31484375 0.33984375 0.0140625 0.0205078125
23 0.6765625 0.30859375 0.0373046875 0.0388671875
30 0.46796875 0.26640625 0.265625 0.021875
30 0.38671875 0.34453125 0.1048828125 0.0205078125
17 0.50390625 0.734375 0.0796875 0.015625
14 0.50546875 0.77109375 0.3982421875 0.0451171875
1 0.39453125 0.83125 0.1169921875 0.0439453125
1 0.5609375 0.83046875 0.1966796875 0.04375
26 0.39453125 0.8328125 0.0794921875 0.021484375
26 0.56171875 0.83203125 0.1580078125 0.0205078125