7 0.5 0.01640625 0.4595703125 0.0328125
20 0.50078125 0.04921875 0.4625 0.03125
28 0.27890625 0.05078125 0.0125 0.0142578125
23 0.27734375 0.05 0.0107421875 0.0095703125
23 0.3046875 0.05 0.0125 0.012109375
23 0.6828125 0.04921875 0.0154296875 0.0109375
23 0.70234375 0.05 0.009375 0.0126953125
23 0.721875 0.05 0.0123046875 0.012890625
27 0.50078125 0.05 0.0267578125 0.021875
22 0.5 0.1421875 0.462109375 0.153125
26 0.353125 0.1625 0.0564453125 0.0123046875
23 0.41484375 0.1625 0.0173828125 0.01875
1 0.37421875 0.16328125 0.1173828125 0.025
14 0.3859375 0.09921875 0.1435546875 0.0169921875
14 0.3875 0.12578125 0.1435546875 0.0357421875
1 0.49140625 0.18515625 0.015625 0.0173828125
29 0.51953125 0.184375 0.0375 0.0126953125
28 0.5015625 0.24140625 0.465234375 0.03125
36 0.375 0.30234375 0.203125 0.046875
24 0.33125 0.421875 0.1126953125 0.0908203125
13 0.43984375 0.42109375 0.1046875 0.1669921875
6 0.615625 0.5546875 0.2185546875 0.077734375
6 0.3859375 0.55390625 0.21875 0.0767578125
28 0.615625 0.39140625 0.221875 0.2267578125
11 0.55703125 0.3328125 0.10625 0.1095703125
11 0.67265625 0.3328125 0.1076171875 0.109375
11 0.55703125 0.45078125 0.1046875 0.1076171875
11 0.6734375 0.4515625 0.1091796875 0.1091796875
28 0.61328125 0.8828125 0.21875 0.2189453125
36 0.384375 0.81015625 0.2189453125 0.0705078125
13 0.453125 0.92578125 0.084375 0.1328125
11 0.55625 0.825 0.1060546875 0.1029296875
11 0.67109375 0.8234375 0.103125 0.0998046875
11 0.67109375 0.9390625 0.103125 0.1064453125
11 0.55625 0.9390625 0.105859375 0.108984375
13 0.49921875 0.68828125 0.4388671875 0.09375
14 0.5015625 0.61640625 0.3283203125 0.0142578125