7 0.5 0.01796875 1 0.0359375
27 0.10390625 0.05859375 0.0265625 0.0232421875
30 0.2328125 0.06015625 0.1564453125 0.0111328125
2 0.240625 0.05859375 0.212890625 0.0263671875
1 0.640625 0.059375 0.0689453125 0.0248046875
1 0.73359375 0.059375 0.0984375 0.025390625
18 0.11015625 0.09453125 0.0515625 0.0109375
18 0.16796875 0.09375 0.0546875 0.0095703125
18 0.2234375 0.09375 0.040625 0.012109375
18 0.315625 0.09375 0.1310546875 0.012890625
18 0.44140625 0.09453125 0.1080078125 0.0111328125
28 0.28984375 0.09296875 0.4203125 0.0171875
20 0.5 0.0703125 1 0.071484375
1 0.8078125 0.0578125 0.016015625 0.0220703125
1 0.85234375 0.05703125 0.03125 0.025
1 0.89609375 0.05625 0.0173828125 0.024609375
1 0.27578125 0.24765625 0.125 0.03125
23 0.31875 0.24609375 0.0216796875 0.021875
26 0.253125 0.246875 0.0625 0.012890625
28 0.5 0.32890625 0.5748046875 0.0294921875
22 0.5 0.20625 1 0.200390625
24 0.64609375 0.4828125 0.2826171875 0.2408203125
14 0.34375 0.19140625 0.262109375 0.0669921875