6 0.50078125 0.18046875 0.6048828125 0.1546875
6 0.5 0.08046875 0.6064453125 0.0328125
28 0.4859375 0.04296875 0.428125 0.0169921875
27 0.2296875 0.02890625 0.066015625 0.0517578125
15 0.73984375 0.04296875 0.071875 0.0234375
23 0.78125 0.040625 0.009375 0.012109375
23 0.79765625 0.04140625 0.009375 0.0107421875
20 0.5 0.028125 1 0.053125
6 0.5 0.28203125 0.6125 0.03125
29 0.20234375 0.39453125 0.0171875 0.16875
29 0.70625 0.4640625 0.144140625 0.0314453125
25 0.40390625 0.39375 0.3888671875 0.1685546875
25 0.70546875 0.378125 0.2 0.137109375
23 0.61484375 0.3890625 0.0076171875 0.009765625
28 0.61484375 0.3890625 0.0173828125 0.016015625
23 0.796875 0.3890625 0.006640625 0.0123046875
28 0.79765625 0.3890625 0.0169921875 0.016015625
15 0.50078125 0.509375 0.6142578125 0.0375
29 0.421875 0.93671875 0.45625 0.0173828125
31 0.5 0.9875 1 0.025
25 0.421875 0.79140625 0.4560546875 0.2732421875
12 0.70546875 0.37890625 0.2017578125 0.1390625
12 0.42109375 0.7921875 0.4546875 0.271875
25 0.69140625 0.68359375 0.0796875 0.0546875
25 0.690625 0.74296875 0.0783203125 0.0548828125
25 0.69140625 0.8015625 0.078125 0.053515625
25 0.6921875 0.86015625 0.0783203125 0.0548828125
25 0.69140625 0.91953125 0.078125 0.0546875
14 0.76875 0.68203125 0.0689453125 0.0486328125
14 0.76875 0.73984375 0.069140625 0.0482421875
14 0.76953125 0.79765625 0.0705078125 0.0486328125
14 0.76328125 0.8578125 0.0578125 0.0375
14 0.7671875 0.915625 0.066015625 0.0373046875
23 0.20859375 0.8015625 0.0109375 0.0216796875
28 0.20859375 0.8015625 0.0138671875 0.021875
23 0.63359375 0.80078125 0.0125 0.0201171875
28 0.634375 0.80234375 0.0126953125 0.0232421875