27 0.31796875 0.0390625 0.0544921875 0.0560546875
23 0.678125 0.03671875 0.0314453125 0.0328125
28 0.67890625 0.0375 0.0392578125 0.043359375
23 0.31953125 0.09921875 0.0267578125 0.0326171875
28 0.54765625 0.0984375 0.3861328125 0.034765625
35 0.49140625 0.0984375 0.0736328125 0.0283203125
35 0.4 0.09921875 0.080859375 0.03125
25 0.5 0.35234375 0.4623046875 0.4625
1 0.68984375 0.54140625 0.0513671875 0.0517578125
23 0.690625 0.54296875 0.0310546875 0.021875
36 0.48203125 0.675 0.38125 0.0810546875
14 0.49609375 0.81875 0.4294921875 0.175390625
23 0.690625 0.9578125 0.0373046875 0.0373046875
20 0.50078125 0.06015625 0.4673828125 0.1203125