6 0.765625 0.16328125 0.150390625 0.3
28 0.20703125 0.06640625 0.0375 0.0142578125
23 0.646875 0.06640625 0.012890625 0.0140625
23 0.61640625 0.0375 0.0140625 0.0126953125
23 0.6328125 0.0375 0.009375 0.0158203125
23 0.6484375 0.03828125 0.015625 0.0138671875
23 0.66484375 0.0375 0.0140625 0.015625
27 0.43359375 0.0296875 0.175 0.04375
6 0.43203125 0.1921875 0.48125 0.127734375
36 0.40078125 0.3171875 0.4263671875 0.0341796875
25 0.36875 0.4828125 0.356640625 0.203125
8 0.20625 0.390625 0.031640625 0.0154296875
8 0.578125 0.38984375 0.0435546875 0.0111328125
8 0.575 0.51953125 0.037109375 0.0111328125
25 0.61328125 0.41484375 0.115625 0.0642578125
25 0.6140625 0.5453125 0.115234375 0.0626953125
20 0.42890625 0.04140625 0.5109375 0.0703125