27 0.26015625 0.0203125 0.1203125 0.0373046875
28 0.7859375 0.01875 0.0251953125 0.0220703125
35 0.2671875 0.0484375 0.0376953125 0.015234375
35 0.30546875 0.04921875 0.0328125 0.0140625
28 0.46484375 0.05078125 0.4375 0.0125
22 0.5 0.1921875 0.5966796875 0.2658203125
38 0.78125 0.3078125 0.025390625 0.028125
36 0.3703125 0.35703125 0.328125 0.0169921875
14 0.4453125 0.384375 0.478125 0.0251953125
23 0.79140625 0.4171875 0.0171875 0.0154296875
21 0.478125 0.478125 0.1404296875 0.019140625
14 0.58671875 0.51171875 0.359375 0.0390625
20 0.5 0.02890625 0.6345703125 0.0578125
38 0.30078125 0.50703125 0.2015625 0.1125