27 0.23828125 0.02734375 0.1390625 0.0375
28 0.8109375 0.02734375 0.0310546875 0.0265625
23 0.1890625 0.07109375 0.0189453125 0.0236328125
35 0.2484375 0.07109375 0.065234375 0.0232421875
35 0.31328125 0.07109375 0.0544921875 0.0234375
28 0.53203125 0.0703125 0.6330078125 0.0283203125
22 0.5 0.24296875 0.6966796875 0.3140625
1 0.81796875 0.36875 0.0359375 0.0373046875
21 0.434375 0.4515625 0.537890625 0.0345703125
25 0.26953125 0.67421875 0.2326171875 0.1326171875
25 0.26953125 0.90859375 0.23125 0.1298828125
1 0.81875 0.5734375 0.025390625 0.0251953125
1 0.81953125 0.79296875 0.0267578125 0.0232421875
20 0.4984375 0.0421875 0.996875 0.084375