27 0.821875 0.059375 0.0720703125 0.062109375
28 0.71484375 0.01328125 0.2888671875 0.0203125
28 0.20859375 0.0125 0.1298828125 0.0216796875
34 0.55703125 0.12265625 0.5861328125 0.03125
25 0.80546875 0.1828125 0.0828125 0.0470703125
25 0.8046875 0.2359375 0.084375 0.046484375
25 0.80625 0.28984375 0.081640625 0.0482421875
25 0.80546875 0.3421875 0.0830078125 0.047265625
25 0.5390625 0.315625 0.4126953125 0.3095703125
25 0.2328125 0.62734375 0.1564453125 0.1203125
25 0.41171875 0.83203125 0.159375 0.1203125