27 0.85546875 0.0484375 0.0625 0.0404296875
6 0.5 0.1625 0.45625 0.071875
28 0.54296875 0.09296875 0.690625 0.034375
18 0.13828125 0.0109375 0.0486328125 0.0189453125
1 0.2640625 0.04921875 0.0345703125 0.0173828125
1 0.2046875 0.04921875 0.053125 0.0201171875
20 0.49609375 0.053125 0.9921875 0.10625
15 0.2421875 0.36640625 0.253125 0.303125
29 0.42890625 0.4875 0.0671875 0.0185546875
8 0.2515625 0.23125 0.078125 0.0189453125
8 0.26640625 0.30390625 0.0482421875 0.0201171875
8 0.25546875 0.378125 0.0705078125 0.019140625
25 0.33203125 0.4765625 0.0642578125 0.065625
25 0.33359375 0.40234375 0.065625 0.065625
25 0.33203125 0.32890625 0.065625 0.0669921875
25 0.3328125 0.2546875 0.0654296875 0.065625
14 0.2125 0.4609375 0.1595703125 0.034375
25 0.6296875 0.33203125 0.509375 0.2205078125
8 0.8359375 0.43046875 0.0810546875 0.025
36 0.71328125 0.46171875 0.30625 0.0294921875