1 0.17734375 0.07578125 0.059375 0.0263671875
1 0.2515625 0.07578125 0.0841796875 0.021875
27 0.1 0.05546875 0.075390625 0.0234375
23 0.3390625 0.015625 0.015234375 0.0126953125
23 0.61796875 0.06328125 0.0078125 0.0140625
23 0.759375 0.0625 0.0123046875 0.0095703125
23 0.8140625 0.06328125 0.009765625 0.0142578125
23 0.7515625 0.0984375 0.0283203125 0.0314453125
23 0.70078125 0.10078125 0.0171875 0.015625
23 0.1390625 0.18359375 0.015625 0.0169921875
23 0.1390625 0.2078125 0.015234375 0.015625
23 0.1390625 0.2296875 0.015234375 0.0154296875
23 0.13984375 0.25078125 0.0140625 0.0107421875
23 0.13984375 0.271875 0.015625 0.0126953125
23 0.13984375 0.29453125 0.0109375 0.0169921875
23 0.1390625 0.31640625 0.0154296875 0.0138671875
23 0.13984375 0.3390625 0.0125 0.016015625
23 0.13984375 0.3609375 0.0125 0.0154296875
23 0.1390625 0.3828125 0.0158203125 0.015234375
23 0.1390625 0.40390625 0.0123046875 0.0171875
23 0.1390625 0.4265625 0.015625 0.0154296875
23 0.140625 0.4484375 0.012890625 0.0158203125
23 0.6671875 0.5125 0.0216796875 0.019140625
23 0.86484375 0.64375 0.0201171875 0.0126953125
23 0.18828125 0.70078125 0.021875 0.0232421875
23 0.31171875 0.7 0.0294921875 0.019140625
23 0.4390625 0.70078125 0.0251953125 0.0169921875
23 0.5625 0.70078125 0.019140625 0.021875
23 0.6875 0.7 0.025390625 0.01875
23 0.8015625 0.7 0.015625 0.01875
23 0.82421875 0.70078125 0.015625 0.0205078125
23 0.134375 0.875 0.01875 0.0189453125
23 0.1578125 0.87421875 0.01875 0.0201171875
23 0.1828125 0.87421875 0.01875 0.0201171875
23 0.20625 0.875 0.0189453125 0.019140625
23 0.23125 0.87421875 0.0189453125 0.0205078125
31 0.19921875 0.05390625 0.2982421875 0.096875
18 0.45546875 0.0625 0.0734375 0.012890625
18 0.5203125 0.0625 0.0251953125 0.012109375
18 0.6984375 0.0625 0.084375 0.0154296875
18 0.8390625 0.0625 0.065625 0.018359375
18 0.64453125 0.1015625 0.0736328125 0.0125
26 0.2953125 0.11953125 0.0251953125 0.0107421875
26 0.33203125 0.11953125 0.0330078125 0.0080078125
26 0.39453125 0.1203125 0.0765625 0.0095703125
26 0.47109375 0.1203125 0.0609375 0.0095703125
26 0.53125 0.11953125 0.040625 0.0080078125
26 0.5734375 0.1203125 0.0283203125 0.0123046875
26 0.18515625 0.18515625 0.0701171875 0.0111328125
26 0.1796875 0.20859375 0.059375 0.0140625
26 0.21015625 0.2296875 0.1203125 0.0123046875
26 0.20390625 0.25234375 0.109375 0.0111328125
26 0.19296875 0.2734375 0.0875 0.0095703125
26 0.18515625 0.29609375 0.0736328125 0.0109375
26 0.196875 0.31796875 0.09375 0.0111328125
26 0.1765625 0.33984375 0.0533203125 0.0111328125
26 0.18828125 0.36171875 0.0794921875 0.0125
26 0.1921875 0.38359375 0.0873046875 0.0125
26 0.1921875 0.40625 0.084765625 0.0123046875
26 0.203125 0.42734375 0.10625 0.0125
26 0.2046875 0.44921875 0.1091796875 0.0109375
26 0.6328125 0.0625 0.0185546875 0.012109375
26 0.78359375 0.0625 0.0326171875 0.0123046875
26 0.8359375 0.06171875 0.0310546875 0.0109375
26 0.82109375 0.02421875 0.065625 0.015625
26 0.83515625 0.25859375 0.0359375 0.0125
26 0.765625 0.259375 0.040625 0.0095703125
21 0.16171875 0.85 0.0828125 0.0154296875
21 0.46640625 0.8484375 0.0875 0.015234375
21 0.61640625 0.84921875 0.0875 0.0138671875
21 0.771875 0.8484375 0.0939453125 0.0158203125
17 0.4875 0.80625 0.9748046875 0.0095703125
19 0.48671875 0.88671875 0.9734375 0.1763671875
14 0.18671875 0.76171875 0.103125 0.0236328125
14 0.31328125 0.76875 0.1080078125 0.0376953125
14 0.43671875 0.76796875 0.1078125 0.0375
14 0.56328125 0.76953125 0.1048828125 0.0392578125
14 0.68828125 0.7671875 0.1013671875 0.040234375
14 0.8125 0.76640625 0.1091796875 0.0392578125
21 0.5 0.603125 0.1001953125 0.01875
17 0.4 0.6015625 0.0841796875 0.009765625
17 0.5984375 0.60234375 0.0810546875 0.0080078125
6 0.50078125 0.52578125 0.778125 0.0955078125
23 0.1390625 0.15703125 0.0154296875 0.0138671875
21 0.175 0.15859375 0.05 0.0142578125
1 0.76484375 0.25859375 0.0642578125 0.025
1 0.83515625 0.2578125 0.0640625 0.025
6 0.80078125 0.3734375 0.13125 0.1685546875
21 0.8 0.221875 0.109375 0.0154296875