27 0.0546875 0.01953125 0.096484375 0.0234375
28 0.36015625 0.04921875 0.7013671875 0.0142578125
18 0.29609375 0.04921875 0.0330078125 0.0125
23 0.01796875 0.04921875 0.0142578125 0.0111328125
1 0.825 0.05390625 0.075390625 0.0232421875
1 0.84765625 0.07578125 0.0423828125 0.009375
1 0.95859375 0.01953125 0.0625 0.0232421875
12 0.50078125 0.13984375 0.9361328125 0.15625
25 0.153125 0.30546875 0.1908203125 0.1048828125
11 0.153125 0.35078125 0.21875 0.2625
11 0.38515625 0.35 0.2201171875 0.262890625
11 0.615625 0.35 0.2185546875 0.2626953125
11 0.846875 0.34921875 0.219140625 0.2638671875
11 0.153125 0.62578125 0.2216796875 0.2638671875
11 0.384375 0.62421875 0.21875 0.2625
11 0.61640625 0.6234375 0.21875 0.2623046875
11 0.84609375 0.62421875 0.2203125 0.2609375
12 0.50078125 0.85625 0.9111328125 0.178125
18 0.25 0.01875 0.040625 0.0248046875
1 0.75859375 0.01953125 0.0294921875 0.025
2 0.50078125 0.01875 0.54375 0.0283203125
20 0.49921875 0.03125 0.9984375 0.0625