27 0.04765625 0.01953125 0.0796875 0.0234375
18 0.18671875 0.01875 0.0330078125 0.0248046875
23 0.715625 0.01875 0.0154296875 0.015625
1 0.71640625 0.01875 0.0267578125 0.0248046875
2 0.45 0.01796875 0.562109375 0.0263671875
18 0.7625 0.02265625 0.0345703125 0.0125
37 0.83046875 0.059375 0.103125 0.0591796875
1 0.83046875 0.05390625 0.0703125 0.0232421875
1 0.95859375 0.0171875 0.0611328125 0.021875
28 0.025 0.05 0.0314453125 0.015625
28 0.39375 0.04921875 0.696875 0.0142578125
12 0.5 0.13828125 0.9345703125 0.1609375
11 0.15390625 0.35 0.21875 0.2625
11 0.3859375 0.34921875 0.2185546875 0.2625
11 0.61640625 0.34921875 0.2201171875 0.2642578125
11 0.84765625 0.34921875 0.2203125 0.2625
20 0.5 0.03203125 0.999609375 0.0611328125
31 0.5 0.88828125 0.9998046875 0.2234375
1 0.93125 0.7984375 0.118359375 0.015625
21 0.234375 0.82109375 0.1748046875 0.0142578125
1 0.725 0.8875 0.074609375 0.0220703125
1 0.80703125 0.8875 0.084375 0.0216796875
11 0.3859375 0.625 0.2189453125 0.2626953125
11 0.15234375 0.62421875 0.2171875 0.2609375