27 0.04609375 0.0203125 0.0734375 0.0248046875
18 0.25390625 0.01875 0.0921875 0.0279296875
1 0.74296875 0.01796875 0.0294921875 0.025
2 0.48203125 0.01953125 0.55 0.0267578125
37 0.8125 0.05859375 0.1216796875 0.0578125
1 0.9609375 0.01796875 0.058984375 0.0236328125
28 0.0328125 0.05 0.0470703125 0.0154296875
28 0.3734375 0.04921875 0.621484375 0.0169921875
18 0.5609375 0.04921875 0.0373046875 0.0142578125
12 0.4984375 0.13984375 0.934765625 0.153125
11 0.153125 0.34921875 0.2185546875 0.2640625
11 0.38515625 0.35 0.2201171875 0.2654296875
11 0.61484375 0.34921875 0.2173828125 0.2642578125
11 0.846875 0.2640625 0.21875 0.096484375
1 0.84765625 0.2828125 0.1953125 0.021875
6 0.846875 0.40390625 0.1875 0.1578125
31 0.5 0.86875 1 0.2623046875
1 0.93359375 0.76015625 0.1044921875 0.0140625
1 0.69375 0.86875 0.0875 0.019140625
20 0.49765625 0.03046875 0.9951171875 0.0609375