27 0.040625 0.01796875 0.0689453125 0.0236328125
28 0.025 0.04765625 0.031640625 0.0171875
28 0.409375 0.04921875 0.724609375 0.0173828125
18 0.17421875 0.01875 0.0330078125 0.0251953125
1 0.73203125 0.01875 0.028125 0.025
2 0.45234375 0.01875 0.5890625 0.025
18 0.77890625 0.02109375 0.0375 0.0125
1 0.84765625 0.05390625 0.0703125 0.0205078125
1 0.87265625 0.075 0.0328125 0.009375
37 0.84609375 0.05859375 0.1017578125 0.0609375
1 0.91484375 0.01796875 0.0419921875 0.0203125
1 0.96796875 0.01953125 0.0482421875 0.021875
20 0.5 0.03125 1 0.0623046875
12 0.50078125 0.13984375 0.9388671875 0.1548828125
11 0.846875 0.26484375 0.21875 0.09375
21 0.84609375 0.23828125 0.1953125 0.01875
1 0.84609375 0.26640625 0.1951171875 0.0232421875
26 0.84765625 0.265625 0.0669921875 0.012890625
21 0.61015625 0.2390625 0.1890625 0.016015625
21 0.3546875 0.23984375 0.134765625 0.0173828125
21 0.12734375 0.23984375 0.1451171875 0.0171875
25 0.103125 0.28984375 0.093359375 0.0736328125
25 0.20390625 0.28984375 0.090625 0.0734375
25 0.103125 0.38984375 0.093359375 0.0734375
25 0.20390625 0.38984375 0.0923828125 0.0734375
1 0.07890625 0.4625 0.0515625 0.0123046875
11 0.15390625 0.34921875 0.2203125 0.2638671875
36 0.39765625 0.103125 0.2453125 0.056640625
11 0.384375 0.62421875 0.2189453125 0.2638671875
11 0.15234375 0.62421875 0.2201171875 0.2642578125
11 0.61484375 0.62421875 0.21875 0.2638671875
11 0.846875 0.6234375 0.2189453125 0.2626953125
21 0.1484375 0.521875 0.190625 0.0373046875
21 0.3609375 0.5140625 0.152734375 0.0189453125
1 0.10390625 0.7375 0.0984375 0.0125
1 0.3109375 0.73671875 0.0498046875 0.0140625
8 0.31328125 0.6828125 0.0544921875 0.016015625
1 0.55625 0.7375 0.075390625 0.0126953125
14 0.33203125 0.69765625 0.0923828125 0.0125
8 0.359375 0.68203125 0.0314453125 0.0109375
21 0.596875 0.51328125 0.156640625 0.01875
25 0.5640625 0.56484375 0.091015625 0.0734375
26 0.55234375 0.60703125 0.0673828125 0.0107421875
25 0.66640625 0.56484375 0.0919921875 0.0734375
25 0.66640625 0.66484375 0.0921875 0.0732421875
25 0.56484375 0.66484375 0.090625 0.0732421875
26 0.52890625 0.70625 0.0236328125 0.006640625
26 0.634375 0.7078125 0.0310546875 0.0095703125
1 0.81640625 0.73828125 0.1328125 0.0109375
21 0.83671875 0.5140625 0.175 0.016015625
25 0.846875 0.57890625 0.1935546875 0.103125
26 0.7796875 0.640625 0.059375 0.012109375
26 0.7640625 0.70859375 0.0310546875 0.0111328125
26 0.83359375 0.709375 0.0361328125 0.012890625
26 0.9015625 0.709375 0.040625 0.0125
25 0.78046875 0.6765625 0.0611328125 0.046875
25 0.846875 0.67734375 0.0625 0.0455078125
25 0.9125 0.67734375 0.0625 0.0455078125
21 0.12265625 0.78984375 0.140625 0.015625
25 0.1015625 0.8625 0.0876953125 0.1251953125
25 0.1984375 0.8625 0.08125 0.1251953125
25 0.2953125 0.86171875 0.0814453125 0.1265625
25 0.39140625 0.86328125 0.08125 0.1265625
25 0.66328125 0.8625 0.0888671875 0.1279296875
25 0.76796875 0.86328125 0.1046875 0.128125
12 0.5 0.85625 0.912890625 0.178125
6 0.846875 0.40234375 0.1875 0.15625