27 0.053125 0.01875 0.0904296875 0.025390625
18 0.20078125 0.01953125 0.0296875 0.025
1 0.7171875 0.01875 0.0283203125 0.0248046875
2 0.459375 0.01875 0.5498046875 0.028125
18 0.7671875 0.0203125 0.040234375 0.0189453125
1 0.83984375 0.05390625 0.0857421875 0.0236328125
1 0.9640625 0.01953125 0.053125 0.0296875
1 0.21796875 0.10859375 0.0705078125 0.0232421875
1 0.3015625 0.1078125 0.083984375 0.0248046875
22 0.4984375 0.14140625 0.934765625 0.1578125
12 0.5 0.30703125 0.9125 0.1794921875
21 0.14609375 0.42578125 0.2015625 0.0294921875
28 0.025 0.04921875 0.037109375 0.0142578125
36 0.73203125 0.13671875 0.2232421875 0.059375
25 0.15390625 0.72578125 0.1919921875 0.19375
25 0.3859375 0.72578125 0.1939453125 0.1951171875
25 0.61640625 0.734375 0.1923828125 0.175390625
25 0.84609375 0.72578125 0.19375 0.190625
1 0.078125 0.83828125 0.0470703125 0.01875
1 0.30703125 0.840625 0.0423828125 0.01875
1 0.53984375 0.83984375 0.0423828125 0.0171875
1 0.771875 0.8390625 0.049609375 0.015625
21 0.153125 0.61484375 0.2001953125 0.0234375
21 0.33046875 0.6140625 0.0982421875 0.0216796875
21 0.6078125 0.625 0.1810546875 0.040625
21 0.828125 0.61484375 0.162890625 0.03125
20 0.49921875 0.03125 0.996875 0.0623046875
37 0.215625 0.0828125 0.2810546875 0.090625
37 0.8390625 0.059375 0.109765625 0.0623046875