27 0.26875 0.04609375 0.1123046875 0.0375
18 0.31171875 0.00859375 0.1076171875 0.0107421875
28 0.67578125 0.0078125 0.2265625 0.0126953125
28 0.4640625 0.0921875 0.471484375 0.0283203125
23 0.728125 0.0921875 0.0189453125 0.021484375
22 0.4140625 0.2921875 0.315234375 0.197265625
7 0.384375 0.1375 0.7533203125 0.0625
15 0.665625 0.3078125 0.137890625 0.1716796875
31 0.5 0.57734375 1 0.1171875
20 0.5 0.05390625 1 0.1078125
21 0.50078125 0.44921875 0.1423828125 0.0232421875
26 0.76171875 0.05703125 0.0265625 0.0078125
1 0.76171875 0.05703125 0.0484375 0.0111328125
26 0.7390625 0.03203125 0.071875 0.0078125
23 0.69296875 0.0328125 0.0138671875 0.009375
23 0.659375 0.0328125 0.012109375 0.009375
1 0.659375 0.0328125 0.0248046875 0.0126953125
1 0.73125 0.0328125 0.1095703125 0.0126953125
26 0.4359375 0.60078125 0.05625 0.0138671875
26 0.50078125 0.60078125 0.0484375 0.009375
26 0.56875 0.60078125 0.055859375 0.0107421875
14 0.50078125 0.55546875 0.571875 0.025
1 0.43515625 0.6 0.0642578125 0.0158203125
1 0.5015625 0.60078125 0.0591796875 0.015625
1 0.56796875 0.60078125 0.065625 0.015625
28 0.77890625 0.19375 0.03125 0.1841796875