27 0.78125 0.0453125 0.093359375 0.041015625
28 0.66640625 0.01015625 0.3201171875 0.0201171875
18 0.58046875 0.0453125 0.1173828125 0.022265625
18 0.453125 0.0453125 0.11875 0.025
2 0.28203125 0.0453125 0.20625 0.0248046875
30 0.3 0.04453125 0.1564453125 0.0169921875
23 0.19140625 0.04609375 0.0142578125 0.0171875
23 0.40625 0.0453125 0.0126953125 0.0064453125
23 0.53203125 0.0453125 0.0125 0.0091796875
23 0.290625 0.01015625 0.0095703125 0.0140625
28 0.49921875 0.08125 0.6576171875 0.021875
18 0.80625 0.08125 0.037109375 0.0154296875
18 0.7609375 0.08203125 0.0376953125 0.0109375
18 0.696875 0.0828125 0.069140625 0.0125
18 0.625 0.08125 0.0533203125 0.012109375
18 0.56015625 0.08203125 0.05625 0.0125
18 0.503125 0.0828125 0.0373046875 0.0126953125
18 0.45234375 0.08203125 0.0423828125 0.0111328125
18 0.384375 0.08125 0.0720703125 0.0123046875
18 0.31796875 0.0828125 0.040625 0.0123046875
18 0.26875 0.08359375 0.0345703125 0.0138671875
18 0.21640625 0.0828125 0.0513671875 0.0126953125
15 0.49921875 0.1453125 0.6548828125 0.0533203125
29 0.1953125 0.11015625 0.0470703125 0.0140625
28 0.61875 0.109375 0.4220703125 0.015625
6 0.50078125 0.2078125 0.659375 0.058984375
15 0.27734375 0.48125 0.215625 0.3251953125
11 0.5125 0.28515625 0.240625 0.0671875
11 0.5125 0.359375 0.2404296875 0.0658203125
11 0.51328125 0.43359375 0.2392578125 0.0701171875
11 0.73359375 0.359375 0.1861328125 0.218359375
8 0.8140625 0.53515625 0.03125 0.0142578125
8 0.81484375 0.60703125 0.0265625 0.0138671875
8 0.81328125 0.6296875 0.0298828125 0.0125
8 0.81328125 0.65390625 0.0294921875 0.0125
8 0.81328125 0.67734375 0.0298828125 0.0125
8 0.8140625 0.7015625 0.028125 0.0126953125
8 0.81328125 0.725 0.0298828125 0.0123046875
8 0.8125 0.7484375 0.030859375 0.0154296875
8 0.81328125 0.77265625 0.0296875 0.0142578125
8 0.81484375 0.82109375 0.0265625 0.0125
8 0.81484375 0.85625 0.0265625 0.0126953125
15 0.6125 0.67109375 0.437890625 0.3951171875
6 0.6015625 0.93203125 0.415625 0.0642578125
20 0.50078125 0.04765625 0.684375 0.0953125