6 0.49921875 0.084375 0.6107421875 0.1591796875
27 0.16640625 0.1921875 0.0875 0.0345703125
6 0.78203125 0.48046875 0.1890625 0.1607421875
28 0.54453125 0.19140625 0.290625 0.021875
23 0.703125 0.19140625 0.01875 0.0125
23 0.7328125 0.1921875 0.015234375 0.0158203125
23 0.75546875 0.1921875 0.015625 0.0185546875
26 0.80625 0.1921875 0.0466796875 0.0126953125
1 0.8046875 0.1921875 0.059375 0.0248046875
28 0.5015625 0.23046875 0.765625 0.021875
34 0.78046875 0.26953125 0.190625 0.0326171875
25 0.6171875 0.32421875 0.0716796875 0.0421875
25 0.6171875 0.3828125 0.071875 0.0408203125
25 0.61796875 0.440625 0.0703125 0.040625
25 0.6171875 0.49921875 0.0716796875 0.0392578125
25 0.61796875 0.5578125 0.0705078125 0.040625
25 0.61796875 0.615625 0.0701171875 0.040625
25 0.61875 0.6734375 0.069140625 0.040625
25 0.34296875 0.67578125 0.0703125 0.0330078125
25 0.34296875 0.72890625 0.0703125 0.0421875
25 0.6171875 0.7296875 0.072265625 0.0435546875
25 0.34296875 0.78515625 0.071875 0.040625
25 0.6171875 0.784375 0.071875 0.043359375
25 0.34453125 0.84375 0.071875 0.04375
25 0.61796875 0.84296875 0.0732421875 0.0419921875
25 0.71015625 0.61953125 0.0455078125 0.04375
25 0.709375 0.67109375 0.044140625 0.0451171875
23 0.1515625 0.3515625 0.0095703125 0.0126953125
23 0.42265625 0.3421875 0.0080078125 0.0126953125
23 0.4265625 0.4 0.008984375 0.0095703125
23 0.425 0.45859375 0.009375 0.0111328125
31 0.8421875 0.921875 0.296484375 0.0591796875
26 0.96640625 0.93515625 0.0267578125 0.0111328125
1 0.96640625 0.934375 0.0388671875 0.0216796875
17 0.2515625 0.89375 0.258984375 0.009375
17 0.525 0.89375 0.2591796875 0.006640625
17 0.25 0.64453125 0.2591796875 0.009375
17 0.52734375 0.6453125 0.2640625 0.00625
20 0.49921875 0.2046875 0.9984375 0.0751953125
25 0.25234375 0.43515625 0.2548828125 0.1423828125