27 0.275 0.05703125 0.1626953125 0.05
28 0.5015625 0.11484375 0.5810546875 0.0142578125
28 0.58671875 0.01015625 0.2798828125 0.0140625
30 0.534375 0.04921875 0.115625 0.0125
30 0.7859375 0.04765625 0.0158203125 0.015625
1 0.76796875 0.01015625 0.0705078125 0.0203125
26 0.7671875 0.01015625 0.021875 0.0109375
2 0.634375 0.05 0.3375 0.0310546875
20 0.5 0.06875 1 0.1375
30 0.6203125 0.23046875 0.058984375 0.0142578125
18 0.6828125 0.23046875 0.19375 0.0294921875
26 0.68359375 0.275 0.034375 0.012890625
1 0.6828125 0.27578125 0.191015625 0.0296875
1 0.6109375 0.30546875 0.0529296875 0.0142578125
1 0.6375 0.328125 0.109375 0.0123046875
1 0.728125 0.32734375 0.059375 0.0107421875
28 0.309375 0.26484375 0.2345703125 0.1734375
15 0.49609375 0.59765625 0.6109375 0.38125
38 0.5984375 0.91875 0.3716796875 0.1625