6 0.66953125 0.071875 0.1486328125 0.1251953125
27 0.30234375 0.0203125 0.0982421875 0.0185546875
34 0.4203125 0.05234375 0.3283203125 0.0265625
1 0.37421875 0.01953125 0.0203125 0.0140625
1 0.39609375 0.01953125 0.0203125 0.0140625
1 0.559375 0.0203125 0.05 0.0189453125
30 0.45 0.0203125 0.050390625 0.009375
23 0.4171875 0.02109375 0.009765625 0.0138671875
25 0.41953125 0.1046875 0.0982421875 0.0626953125
25 0.5265625 0.1046875 0.096875 0.065234375
25 0.52734375 0.2109375 0.0984375 0.0625
11 0.5265625 0.121875 0.0970703125 0.096875
11 0.5265625 0.22890625 0.097265625 0.0984375
8 0.48671875 0.16328125 0.015625 0.0080078125
8 0.275 0.26875 0.015625 0.0095703125
8 0.38203125 0.26953125 0.015625 0.009375
8 0.38125 0.37578125 0.0158203125 0.0107421875
6 0.5265625 0.33515625 0.096875 0.096875
25 0.42109375 0.2109375 0.096875 0.065234375
11 0.4203125 0.22890625 0.0970703125 0.0982421875
11 0.66875 0.17890625 0.1498046875 0.0705078125
1 0.66875 0.17421875 0.1404296875 0.021875
1 0.6328125 0.19921875 0.066015625 0.01875
1 0.7046875 0.19921875 0.066015625 0.0203125
28 0.646875 0.484375 0.0935546875 0.3158203125
13 0.41953125 0.3515625 0.3267578125 0.5716796875
20 0.41875 0.01953125 0.33125 0.0390625