7 0.5 0.01640625 1 0.0328125
23 0.97578125 0.015625 0.0111328125 0.0126953125
27 0.1875 0.0515625 0.09375 0.021875
28 0.325 0.05234375 0.156640625 0.0173828125
1 0.6984375 0.0515625 0.05 0.0126953125
1 0.76796875 0.0515625 0.0671875 0.0126953125
1 0.83515625 0.05234375 0.0484375 0.0140625
23 0.85390625 0.0515625 0.0076171875 0.0060546875
28 0.484375 0.0875 0.693359375 0.0185546875
23 0.8453125 0.0875 0.0125 0.0158203125
20 0.5 0.053125 1 0.10625
36 0.28828125 0.2328125 0.2548828125 0.1029296875
1 0.2296875 0.3515625 0.128125 0.0341796875
25 0.74921875 0.278125 0.4955078125 0.34375
25 0.253125 0.66328125 0.2345703125 0.153125
25 0.77109375 0.6625 0.190625 0.155859375
25 0.4859375 0.83359375 0.1904296875 0.15625
11 0.253125 0.74921875 0.2373046875 0.3265625
11 0.628125 0.66171875 0.4748046875 0.15625
11 0.628125 0.83359375 0.475390625 0.1607421875
1 0.19296875 0.86015625 0.0875 0.0169921875
1 0.43984375 0.678125 0.0625 0.01875
1 0.63359375 0.8640625 0.06875 0.0185546875
23 0.56328125 0.4828125 0.0173828125 0.01875
30 0.61875 0.51796875 0.1091796875 0.0140625
1 0.803125 0.51640625 0.0466796875 0.028125
2 0.69296875 0.5171875 0.2765625 0.040234375
23 0.19765625 0.4890625 0.0232421875 0.025
23 0.29375 0.4890625 0.024609375 0.0216796875
23 0.38984375 0.48984375 0.0234375 0.0236328125
23 0.48671875 0.48984375 0.0236328125 0.0232421875