27 0.2328125 0.02578125 0.134765625 0.034375
28 0.5796875 0.0109375 0.134765625 0.0123046875
30 0.690625 0.01015625 0.068359375 0.0080078125
2 0.72578125 0.01015625 0.14375 0.0169921875
26 0.81796875 0.01015625 0.025 0.0078125
1 0.81796875 0.01015625 0.0375 0.0142578125
28 0.684375 0.03515625 0.305859375 0.0125
20 0.5 0.02421875 0.69375 0.0484375
7 0.50078125 0.07734375 0.6951171875 0.0578125
28 0.31796875 0.08671875 0.2203125 0.0138671875
18 0.75703125 0.0859375 0.15625 0.016015625
6 0.7296875 0.22265625 0.20625 0.1736328125
22 0.5 0.23125 0.69375 0.25
23 0.5171875 0.1515625 0.0060546875 0.0123046875
26 0.55625 0.1515625 0.0625 0.0126953125
1 0.5625 0.15078125 0.112109375 0.028125
23 0.5171875 0.18125 0.008984375 0.012109375
26 0.56796875 0.1828125 0.0857421875 0.015625
1 0.56328125 0.18046875 0.1111328125 0.0265625
23 0.5171875 0.2109375 0.00625 0.009765625
26 0.56328125 0.2125 0.078125 0.012890625
1 0.5625 0.21015625 0.1125 0.0267578125
18 0.77421875 0.38125 0.1171875 0.0216796875
21 0.29296875 0.37734375 0.2515625 0.01875
15 0.50078125 0.4875 0.6826171875 0.175390625
28 0.50078125 0.73359375 0.6642578125 0.1919921875
21 0.21796875 0.621875 0.1017578125 0.01875
21 0.23515625 0.86953125 0.1361328125 0.0173828125
21 0.590625 0.87109375 0.162890625 0.01875
28 0.496875 0.92265625 0.669140625 0.0734375