27 0.30703125 0.01875 0.0982421875 0.0251953125
28 0.5578125 0.0078125 0.1 0.0091796875
30 0.6375 0.0078125 0.050390625 0.0064453125
26 0.728125 0.0078125 0.01875 0.00625
1 0.728125 0.00703125 0.025390625 0.0111328125
2 0.66171875 0.00703125 0.103125 0.0109375
28 0.63203125 0.025 0.21875 0.0091796875
28 0.36875 0.0625 0.1591796875 0.006640625
18 0.684375 0.06328125 0.1126953125 0.0125
6 0.66484375 0.16328125 0.1513671875 0.13125
22 0.5 0.16640625 0.499609375 0.1798828125
1 0.5453125 0.10859375 0.0810546875 0.0203125
1 0.5453125 0.1296875 0.0810546875 0.0189453125
1 0.54453125 0.1515625 0.0796875 0.0189453125
1 0.5453125 0.17265625 0.0810546875 0.0203125
23 0.51171875 0.109375 0.00625 0.006640625
26 0.540625 0.109375 0.0439453125 0.0091796875
23 0.51171875 0.13046875 0.0048828125 0.0078125
26 0.54921875 0.13125 0.0611328125 0.0095703125
23 0.5125 0.1515625 0.005859375 0.0064453125
26 0.5453125 0.15234375 0.058984375 0.009375
23 0.51171875 0.1734375 0.0048828125 0.008984375
26 0.53203125 0.17421875 0.0294921875 0.009375
7 0.5 0.05546875 0.499609375 0.040625
20 0.49921875 0.0171875 0.4984375 0.034375
21 0.35078125 0.2703125 0.1826171875 0.0158203125
18 0.69765625 0.2734375 0.0857421875 0.015625
23 0.73125 0.2734375 0.009375 0.0064453125
15 0.5 0.3515625 0.4970703125 0.1283203125
21 0.296875 0.446875 0.0751953125 0.012890625
28 0.5 0.528125 0.4783203125 0.137890625
21 0.31015625 0.62578125 0.1 0.0138671875
21 0.56484375 0.62578125 0.1173828125 0.0138671875