27 0.1234375 0.04765625 0.0685546875 0.0232421875
28 0.27265625 0.0515625 0.2125 0.015234375
28 0.13828125 0.0140625 0.10625 0.0158203125
26 0.853125 0.01328125 0.0998046875 0.0107421875
1 0.85390625 0.0140625 0.1169921875 0.0216796875
18 0.153125 0.07734375 0.1158203125 0.0140625
30 0.2703125 0.07734375 0.096484375 0.0125
18 0.66875 0.0765625 0.1251953125 0.0220703125
18 0.7953125 0.0765625 0.1251953125 0.0220703125
26 0.884375 0.0765625 0.0279296875 0.0123046875
1 0.88515625 0.0765625 0.0546875 0.0251953125
37 0.66953125 0.140625 0.115625 0.1
28 0.33359375 0.13515625 0.496875 0.0513671875
12 0.39921875 0.228125 0.6263671875 0.069140625
6 0.8171875 0.5828125 0.1876953125 0.1873046875
6 0.8171875 0.77421875 0.1875 0.1861328125
6 0.8171875 0.9390625 0.1876953125 0.121875
6 0.6265625 0.96328125 0.1498046875 0.0732421875
6 0.4734375 0.96328125 0.15 0.0734375
6 0.321875 0.96328125 0.149609375 0.0734375
6 0.16953125 0.96328125 0.1484375 0.0734375
21 0.159375 0.30546875 0.14375 0.0169921875
25 0.1625 0.38046875 0.1470703125 0.1111328125
25 0.3171875 0.38125 0.147265625 0.1123046875
25 0.47265625 0.38046875 0.1484375 0.1111328125
23 0.23046875 0.44609375 0.0138671875 0.0109375
23 0.3859375 0.446875 0.0125 0.012109375
23 0.53984375 0.44609375 0.0140625 0.0109375
23 0.6953125 0.44609375 0.0126953125 0.0125
20 0.496875 0.04609375 0.9935546875 0.0921875