27 0.49921875 0.15234375 0.1517578125 0.0576171875
28 0.1359375 0.01875 0.2623046875 0.025
1 0.928125 0.01796875 0.021875 0.0169921875
1 0.97109375 0.01875 0.0357421875 0.0248046875
15 0.490625 0.3015625 0.3998046875 0.078125
23 0.59765625 0.2046875 0.0125 0.0158203125
23 0.61953125 0.20546875 0.0201171875 0.0171875
26 0.66953125 0.2046875 0.0486328125 0.0185546875
1 0.67109375 0.2046875 0.06875 0.0283203125
2 0.465625 0.20625 0.3439453125 0.03125
23 0.9703125 0.91796875 0.015625 0.01875
23 0.97109375 0.94609375 0.015625 0.015625