27 0.20546875 0.04375 0.2076171875 0.025390625
28 0.49609375 0.07421875 0.7861328125 0.0294921875
28 0.49765625 0.00859375 0.9 0.0171875
1 0.5 0.8765625 0.16875 0.0314453125
36 0.50078125 0.69609375 0.5388671875 0.0484375
14 0.50078125 0.7328125 0.3451171875 0.01875
14 0.5 0.84453125 0.271875 0.0169921875
21 0.496875 0.96171875 0.346875 0.0357421875
20 0.4953125 0.046875 0.990625 0.09375
22 0.49921875 0.246875 0.9013671875 0.3064453125
26 0.140625 0.1203125 0.0376953125 0.015625
26 0.1453125 0.1515625 0.0466796875 0.0158203125
26 0.1703125 0.178125 0.0533203125 0.012890625
26 0.20625 0.20859375 0.04375 0.0169921875
1 0.1609375 0.23203125 0.090234375 0.0111328125
1 0.15234375 0.24921875 0.0642578125 0.0111328125
1 0.253125 0.24921875 0.025390625 0.0125
1 0.2046875 0.20859375 0.1720703125 0.025
1 0.12890625 0.1796875 0.0203125 0.0189453125
1 0.2046875 0.271875 0.196875 0.025
1 0.2046875 0.31171875 0.196875 0.0359375
1 0.20390625 0.34296875 0.1955078125 0.0265625
2 0.2046875 0.12109375 0.1716796875 0.025
2 0.2046875 0.1515625 0.171484375 0.027734375