27 0.05859375 0.02890625 0.1046875 0.0576171875
28 0.31953125 0.04453125 0.3857421875 0.0169921875
18 0.47421875 0.04375 0.0611328125 0.0095703125
18 0.17734375 0.0140625 0.0888671875 0.0154296875
23 0.69375 0.015625 0.0125 0.0123046875
30 0.30859375 0.015625 0.1423828125 0.0095703125
2 0.46875 0.015625 0.474609375 0.019140625
25 0.13359375 0.35234375 0.228125 0.2296875
25 0.36328125 0.353125 0.2265625 0.228125
24 0.73125 0.159375 0.0126953125 0.021875
24 0.74765625 0.16015625 0.0171875 0.0111328125
24 0.7671875 0.16015625 0.016015625 0.0125
36 0.75390625 0.20078125 0.3125 0.0330078125
20 0.5 0.0296875 1 0.059375
23 0.7234375 0.01484375 0.009375 0.0109375
1 0.72421875 0.0140625 0.0205078125 0.0216796875
23 0.7671875 0.0140625 0.0126953125 0.015234375
26 0.80546875 0.01484375 0.0607421875 0.0111328125
26 0.8890625 0.01484375 0.065625 0.0078125
26 0.9734375 0.01484375 0.0439453125 0.0078125
23 0.94296875 0.015625 0.0107421875 0.0123046875
1 0.79765625 0.01484375 0.0982421875 0.0296875
1 0.88671875 0.0140625 0.0828125 0.028125
1 0.96484375 0.01484375 0.0701171875 0.0296875
24 0.57890625 0.29453125 0.0548828125 0.0546875
24 0.5796875 0.378125 0.0533203125 0.0560546875
24 0.7890625 0.29453125 0.053515625 0.0548828125
24 0.7890625 0.378125 0.053515625 0.055859375
24 0.57890625 0.46171875 0.0546875 0.05625
24 0.7890625 0.46171875 0.0533203125 0.05625
1 0.75078125 0.22734375 0.1298828125 0.0138671875
21 0.634375 0.2828125 0.040625 0.009765625
21 0.83671875 0.2828125 0.0232421875 0.0095703125
21 0.6359375 0.3671875 0.040234375 0.0091796875
21 0.63515625 0.4546875 0.0392578125 0.0091796875
21 0.846875 0.45078125 0.0404296875 0.0080078125
21 0.8375 0.37109375 0.0216796875 0.0107421875
11 0.64375 0.29453125 0.205859375 0.0763671875
11 0.85546875 0.29453125 0.2017578125 0.0736328125
11 0.64296875 0.37890625 0.2046875 0.075
11 0.85390625 0.378125 0.2046875 0.075
11 0.64296875 0.4625 0.2076171875 0.075390625
11 0.853125 0.46171875 0.205859375 0.0734375