27 0.20625 0.05390625 0.059375 0.0482421875
26 0.275 0.28203125 0.1626953125 0.0169921875
1 0.27578125 0.28125 0.2125 0.0435546875
28 0.5 0.38984375 0.6626953125 0.0794921875
23 0.775 0.0796875 0.0189453125 0.01875
23 0.81328125 0.07890625 0.0142578125 0.0171875
28 0.8140625 0.0796875 0.0216796875 0.025
18 0.3140625 0.02421875 0.083984375 0.0375
20 0.50078125 0.053125 0.69375 0.10625
23 0.4984375 0.02578125 0.016015625 0.01875
26 0.56796875 0.02578125 0.109375 0.0138671875
23 0.66640625 0.02578125 0.0173828125 0.01875
26 0.728125 0.0265625 0.096875 0.0154296875
1 0.5546875 0.025 0.159765625 0.0345703125
1 0.715625 0.02578125 0.1466796875 0.0359375
23 0.8140625 0.025 0.0154296875 0.01875
1 0.8140625 0.025 0.034765625 0.0345703125
22 0.5 0.25078125 0.694140625 0.2892578125
36 0.371875 0.19453125 0.4091796875 0.0767578125
36 0.3953125 0.5046875 0.4529296875 0.078125
6 0.50078125 0.7625 0.6609375 0.3716796875
26 0.334375 0.8765625 0.0716796875 0.01875
1 0.3359375 0.87578125 0.297265625 0.0451171875