27 0.33203125 0.059375 0.0736328125 0.062890625
18 0.453125 0.0390625 0.1126953125 0.021875
8 0.4234375 0.08828125 0.052734375 0.0517578125
23 0.42421875 0.08828125 0.0234375 0.0298828125
23 0.5796875 0.08828125 0.0251953125 0.0263671875
23 0.64296875 0.0890625 0.0263671875 0.022265625
23 0.6953125 0.0875 0.025 0.024609375
28 0.6953125 0.0859375 0.0283203125 0.0251953125
36 0.44296875 0.29140625 0.3078125 0.2169921875
20 0.5 0.05859375 0.462890625 0.1171875
22 0.5 0.34453125 0.4623046875 0.453125
26 0.5 0.47265625 0.2283203125 0.0234375
1 0.5015625 0.46953125 0.4123046875 0.0578125
23 0.50078125 0.61328125 0.040625 0.0296875
26 0.50234375 0.65390625 0.1513671875 0.0232421875
26 0.5 0.7796875 0.156640625 0.0220703125
26 0.5015625 0.9046875 0.109765625 0.025
23 0.5 0.73828125 0.0373046875 0.0296875
23 0.50078125 0.8640625 0.0326171875 0.0376953125
28 0.5015625 0.759375 0.4154296875 0.3720703125