28 0.30390625 0.03515625 0.0388671875 0.0328125
27 0.50078125 0.0375 0.0828125 0.0626953125
1 0.69609375 0.03515625 0.06875 0.06875
24 0.4546875 0.19453125 0.0341796875 0.0453125
24 0.49609375 0.1984375 0.0388671875 0.022265625
24 0.540625 0.1953125 0.0435546875 0.0248046875
36 0.5046875 0.3265625 0.4591796875 0.1748046875
1 0.49921875 0.43671875 0.3015625 0.0296875
24 0.409375 0.590625 0.1279296875 0.1283203125
24 0.409375 0.78671875 0.128125 0.1298828125
1 0.50234375 0.91875 0.0736328125 0.0533203125
1 0.57578125 0.91875 0.0673828125 0.055859375
23 0.68515625 0.92109375 0.0484375 0.0453125
14 0.37734375 0.91953125 0.146875 0.0486328125
37 0.46171875 0.91953125 0.3390625 0.0875
20 0.5 0.03828125 0.465625 0.0763671875