27 0.0296875 0.03125 0.041015625 0.031640625
36 0.32265625 0.11328125 0.246875 0.0517578125
1 0.26484375 0.16484375 0.1236328125 0.025
28 0.5 0.22734375 0.5966796875 0.0451171875
6 0.50078125 0.41796875 0.5955078125 0.2205078125
28 0.20546875 0.0484375 0.2736328125 0.016015625
18 0.09375 0.01484375 0.0533203125 0.0234375
23 0.7953125 0.01484375 0.009765625 0.0109375
26 0.8359375 0.015625 0.0654296875 0.0091796875
1 0.828125 0.01484375 0.094140625 0.0205078125
1 0.92265625 0.01484375 0.0859375 0.0203125
23 0.89296875 0.01484375 0.0109375 0.0109375
26 0.9296875 0.015625 0.0564453125 0.006640625
1 0.9796875 0.01484375 0.021484375 0.0205078125
23 0.9796875 0.01484375 0.0091796875 0.0109375
23 0.9796875 0.04765625 0.0123046875 0.0111328125
20 0.5 0.03125 0.9970703125 0.062109375
22 0.5 0.14765625 1 0.16875
21 0.37890625 0.2828125 0.3517578125 0.0248046875