27 0.03515625 0.03828125 0.0548828125 0.021875
34 0.50078125 0.040625 0.084375 0.0310546875
23 0.92578125 0.0375 0.0125 0.0123046875
28 0.125 0.01171875 0.234375 0.0142578125
1 0.959375 0.0375 0.025390625 0.012890625
1 0.9859375 0.0375 0.016015625 0.012890625
23 0.0140625 0.08515625 0.0123046875 0.0169921875
23 0.0140625 0.1296875 0.0095703125 0.0126953125
23 0.01328125 0.15234375 0.0125 0.0125
23 0.0140625 0.17578125 0.009765625 0.0140625
23 0.01328125 0.196875 0.0080078125 0.012109375
23 0.01328125 0.2203125 0.0111328125 0.0095703125
23 0.0140625 0.2640625 0.0123046875 0.0126953125
23 0.01328125 0.28671875 0.009375 0.0107421875
23 0.0140625 0.31015625 0.0095703125 0.0125
23 0.01328125 0.33203125 0.009375 0.0107421875
23 0.0140625 0.35390625 0.009375 0.0107421875
23 0.0125 0.37734375 0.0125 0.0111328125
23 0.0125 0.3984375 0.009375 0.0123046875
23 0.01328125 0.44453125 0.009375 0.0109375
23 0.01328125 0.46640625 0.0107421875 0.0111328125
23 0.01328125 0.48984375 0.0107421875 0.0107421875
23 0.0140625 0.51015625 0.0123046875 0.0111328125
23 0.01328125 0.53359375 0.0107421875 0.0111328125
23 0.0125 0.55546875 0.012109375 0.0109375
18 0.021875 0.578125 0.030859375 0.0125
18 0.01953125 0.421875 0.0263671875 0.0123046875
18 0.02734375 0.24296875 0.0361328125 0.0111328125
34 0.33203125 0.06796875 0.0515625 0.0205078125
31 0.5 0.6203125 0.999609375 0.0283203125
1 0.76328125 0.6203125 0.0611328125 0.0216796875
1 0.828125 0.62109375 0.0625 0.021875
20 0.49921875 0.0265625 0.9984375 0.0529296875