27 0.0921875 0.06484375 0.0751953125 0.0419921875
28 0.18046875 0.01953125 0.3451171875 0.0201171875
2 0.525 0.02109375 0.3095703125 0.028125
30 0.45 0.02109375 0.140625 0.0142578125
23 0.6640625 0.02109375 0.015625 0.015625
1 0.95625 0.0203125 0.056640625 0.021875
28 0.82109375 0.021875 0.1986328125 0.0279296875
37 0.7 0.1171875 0.2248046875 0.146875
29 0.140625 0.38125 0.090625 0.0154296875
29 0.37890625 0.3640625 0.0455078125 0.021484375
38 0.16484375 0.5265625 0.15625 0.090234375
20 0.4984375 0.0484375 0.996875 0.096875