27 0.17890625 0.0796875 0.0732421875 0.041015625
28 0.42109375 0.07421875 0.26875 0.0142578125
7 0.4984375 0.02578125 0.996875 0.0515625
1 0.7296875 0.025 0.047265625 0.019140625
1 0.8046875 0.0265625 0.0623046875 0.027734375
14 0.41796875 0.0234375 0.5173828125 0.021484375
1 0.659375 0.07578125 0.034375 0.015625
1 0.7234375 0.07421875 0.065234375 0.015625
1 0.81484375 0.075 0.075 0.0283203125
20 0.496875 0.05078125 0.99375 0.1015625
36 0.35546875 0.234375 0.4080078125 0.087890625
1 0.22734375 0.3140625 0.1486328125 0.0404296875
1 0.22734375 0.3484375 0.0578125 0.015234375
24 0.74375 0.28046875 0.293359375 0.2392578125
21 0.5015625 0.515625 0.2654296875 0.0248046875
14 0.5015625 0.54921875 0.4814453125 0.0359375
24 0.1953125 0.65625 0.0251953125 0.0283203125
24 0.41953125 0.65546875 0.0265625 0.0267578125
24 0.64453125 0.65546875 0.0232421875 0.0265625
14 0.27421875 0.71015625 0.1919921875 0.040625
14 0.49140625 0.703125 0.171875 0.0279296875
14 0.725 0.709375 0.1875 0.0375
23 0.18828125 0.80234375 0.015625 0.0171875
23 0.1890625 0.82890625 0.015234375 0.015625
23 0.1890625 0.85546875 0.015234375 0.0138671875
1 0.275 0.9203125 0.1875 0.027734375
1 0.27421875 0.94765625 0.0546875 0.0138671875
1 0.5 0.91953125 0.1873046875 0.0296875
1 0.49921875 0.94765625 0.0578125 0.015625
1 0.725 0.91875 0.1876953125 0.028125
1 0.7234375 0.946875 0.0560546875 0.0125