27 0.05234375 0.01875 0.084375 0.021875
28 0.31015625 0.01953125 0.396875 0.01875
23 0.721875 0.0203125 0.0158203125 0.015625
23 0.8 0.0203125 0.0185546875 0.01875
26 0.7578125 0.01953125 0.046875 0.0138671875
26 0.8234375 0.0203125 0.0220703125 0.0126953125
26 0.8828125 0.0203125 0.0564453125 0.0125
1 0.8828125 0.0203125 0.071875 0.0189453125
26 0.96328125 0.0203125 0.0486328125 0.0095703125
1 0.9640625 0.0203125 0.0625 0.0189453125
6 0.496875 0.04765625 0.99375 0.0205078125
6 0.396875 0.34765625 0.60625 0.1236328125
10 0.16328125 0.146875 0.1421875 0.0126953125
36 0.15703125 0.4421875 0.1296875 0.022265625
21 0.1171875 0.4703125 0.05 0.0126953125
20 0.49765625 0.07890625 0.9951171875 0.1548828125
18 0.809375 0.334375 0.18125 0.031640625
23 0.41484375 0.49375 0.0111328125 0.018359375
25 0.259375 0.575 0.33125 0.187890625
23 0.24296875 0.7625 0.0111328125 0.015625
25 0.1734375 0.78984375 0.1591796875 0.0794921875
21 0.50546875 0.47109375 0.1392578125 0.0140625
1 0.63515625 0.44375 0.1294921875 0.012890625
17 0.39609375 0.44375 0.3419921875 0.0125
27 0.16171875 0.9359375 0.1421875 0.0375
17 0.38828125 0.93828125 0.3046875 0.0080078125
1 0.62265625 0.93671875 0.1607421875 0.0138671875