27 0.2359375 0.04921875 0.084765625 0.0392578125
28 0.69296875 0.05 0.221875 0.024609375
1 0.7546875 0.04921875 0.096875 0.0232421875
36 0.36953125 0.13359375 0.3576171875 0.109375
14 0.37890625 0.2171875 0.3765625 0.0310546875
30 0.27265625 0.27578125 0.121875 0.0263671875
1 0.51796875 0.2765625 0.03125 0.0345703125
2 0.36796875 0.2765625 0.3484375 0.053515625
24 0.703125 0.23046875 0.2654296875 0.209375
28 0.49921875 0.36171875 0.9982421875 0.059375
21 0.5 0.4578125 0.478125 0.022265625
25 0.27109375 0.57109375 0.0705078125 0.1046875
25 0.42421875 0.5703125 0.075 0.103125
25 0.57734375 0.57109375 0.071875 0.1017578125
25 0.728125 0.5703125 0.0748046875 0.1060546875
23 0.20390625 0.3640625 0.0265625 0.0279296875
23 0.7953125 0.36484375 0.025 0.0265625