27 0.225 0.028125 0.08125 0.0404296875
28 0.62421875 0.028125 0.3765625 0.0314453125
36 0.3859375 0.12734375 0.4125 0.0705078125
14 0.3984375 0.2171875 0.425 0.059375
30 0.27890625 0.3171875 0.1484375 0.025
23 0.5171875 0.3171875 0.0251953125 0.0248046875
1 0.5171875 0.31640625 0.05 0.0486328125
2 0.36796875 0.3171875 0.3671875 0.072265625
22 0.5 0.2015625 0.69375 0.403125
12 0.4984375 0.459375 0.69375 0.109375
36 0.5015625 0.64375 0.5345703125 0.069140625
8 0.50078125 0.578125 0.1548828125 0.0251953125