27 0.24375 0.05546875 0.0560546875 0.03125
28 0.19375 0.05546875 0.028125 0.0234375
23 0.725 0.05703125 0.0310546875 0.0263671875
23 0.76640625 0.05546875 0.0232421875 0.028125
23 0.8078125 0.05625 0.025 0.025390625
30 0.28984375 0.11015625 0.2267578125 0.0232421875
23 0.8171875 0.11171875 0.0158203125 0.0232421875
2 0.5015625 0.11171875 0.671875 0.04375
1 0.5 0.19296875 0.100390625 0.0173828125
14 0.4984375 0.17265625 0.3248046875 0.0205078125
22 0.50078125 0.4375 0.6955078125 0.425
26 0.5 0.54453125 0.1029296875 0.01875
1 0.5 0.5421875 0.14375 0.0408203125
26 0.31484375 0.67421875 0.1392578125 0.0171875
1 0.31171875 0.67421875 0.1736328125 0.0375
1 0.47734375 0.675 0.1296875 0.0375
1 0.6578125 0.67421875 0.202734375 0.034375
1 0.321875 0.721875 0.144140625 0.037109375
1 0.47734375 0.72109375 0.1330078125 0.034375
1 0.6546875 0.721875 0.190625 0.037109375
26 0.47734375 0.6734375 0.0921875 0.01875
26 0.659375 0.67421875 0.1654296875 0.0173828125
26 0.32265625 0.72109375 0.109375 0.01875
26 0.4765625 0.72109375 0.0970703125 0.0169921875
26 0.65390625 0.72109375 0.1576171875 0.01875
21 0.4984375 0.78515625 0.203515625 0.0236328125
25 0.28671875 0.88359375 0.2142578125 0.11875
25 0.51328125 0.88515625 0.215625 0.1171875
25 0.73359375 0.88515625 0.2017578125 0.1173828125
7 0.5 0.01484375 0.694140625 0.0296875
20 0.496875 0.06875 0.700390625 0.1373046875