7 0.5 0.040625 0.4625 0.08125
28 0.3078125 0.12109375 0.040234375 0.0328125
27 0.3765625 0.12109375 0.075 0.0486328125
23 0.58046875 0.1203125 0.034375 0.03125
23 0.6359375 0.1203125 0.0345703125 0.034765625
23 0.690625 0.121875 0.0341796875 0.031640625
30 0.46484375 0.1984375 0.3267578125 0.022265625
23 0.6875 0.1984375 0.025 0.0279296875
2 0.5 0.19609375 0.428125 0.0640625
20 0.5 0.15859375 0.4625 0.1546875
21 0.5046875 0.3 0.378515625 0.059375
1 0.49921875 0.34140625 0.1484375 0.025
26 0.50078125 0.64765625 0.1423828125 0.0263671875
1 0.50078125 0.64765625 0.2044921875 0.0611328125
22 0.5 0.5421875 0.4658203125 0.308984375
35 0.49140625 0.77734375 0.240625 0.0486328125
35 0.490625 0.84296875 0.175390625 0.0515625
18 0.5 0.89375 0.1939453125 0.03125
1 0.6625 0.93203125 0.0908203125 0.0919921875