23 0.028125 0.02578125 0.021875 0.0205078125
28 0.028125 0.028125 0.0220703125 0.021875
30 0.2 0.02734375 0.1216796875 0.0125
23 0.28359375 0.02421875 0.0125 0.0142578125
2 0.215625 0.025 0.16875 0.03125
27 0.50078125 0.025 0.0861328125 0.0189453125
23 0.8625 0.02578125 0.015625 0.0173828125
23 0.9171875 0.02578125 0.0189453125 0.0201171875
23 0.971875 0.025 0.0216796875 0.021875
28 0.13828125 0.0640625 0.2451171875 0.015625
4 0.50234375 0.0640625 0.0953125 0.015625
1 0.9328125 0.0640625 0.0810546875 0.0220703125
36 0.5 0.13046875 0.4060546875 0.028125
26 0.3671875 0.2109375 0.059375 0.0123046875
1 0.3671875 0.2109375 0.2529296875 0.0314453125
1 0.6328125 0.2109375 0.25 0.03125
14 0.50078125 0.16953125 0.690625 0.0140625
20 0.49765625 0.040625 0.9951171875 0.080859375
7 0.5 0.56171875 1 0.034375
6 0.50078125 0.678125 0.7701171875 0.15
25 0.20625 0.9171875 0.1783203125 0.1251953125
25 0.4015625 0.91640625 0.178515625 0.1267578125
25 0.59765625 0.91640625 0.1826171875 0.1263671875
25 0.79453125 0.9171875 0.1794921875 0.1251953125
1 0.8296875 0.81875 0.1125 0.03125
11 0.209375 0.38515625 0.1904296875 0.2455078125
11 0.403125 0.38515625 0.1876953125 0.2455078125
11 0.59765625 0.38515625 0.1888671875 0.2453125