7 0.496875 0.01171875 0.99375 0.0234375
7 0.5 0.0515625 1 0.053125
27 0.1671875 0.13125 0.1220703125 0.044140625
28 0.57734375 0.13046875 0.6080078125 0.0455078125
28 0.74296875 0.09296875 0.3078125 0.0205078125
2 0.5015625 0.26953125 0.396484375 0.0375
30 0.3515625 0.26875 0.090625 0.0158203125
1 0.3640625 0.33671875 0.121484375 0.040625
1 0.50078125 0.3375 0.1173828125 0.037890625
1 0.6359375 0.3359375 0.1248046875 0.0408203125
15 0.49609375 0.6640625 0.9921875 0.10625
25 0.23359375 0.815625 0.25 0.1376953125
1 0.42578125 0.84140625 0.0986328125 0.025
1 0.5390625 0.84140625 0.091015625 0.0236328125
1 0.65078125 0.8421875 0.0955078125 0.025