27 0.1703125 0.0234375 0.102734375 0.034765625
28 0.42578125 0.02265625 0.4 0.0169921875
26 0.21171875 0.6453125 0.1328125 0.0158203125
1 0.209375 0.64453125 0.1970703125 0.0390625
20 0.5 0.021875 0.9998046875 0.04375
26 0.209375 0.28046875 0.1283203125 0.0173828125
1 0.209375 0.28203125 0.1966796875 0.0375
26 0.78828125 0.13046875 0.125 0.0125
26 0.79140625 0.18359375 0.075 0.0111328125
26 0.78828125 0.21953125 0.0861328125 0.0111328125
23 0.740625 0.18359375 0.015625 0.0125
23 0.73671875 0.2203125 0.0109375 0.0189453125
1 0.7890625 0.1296875 0.15625 0.028515625
1 0.78984375 0.18359375 0.1578125 0.0296875
1 0.78828125 0.21953125 0.15625 0.0298828125
22 0.50078125 0.22890625 0.9984375 0.3703125
1 0.634375 0.0328125 0.006640625 0.0091796875
30 0.64921875 0.0171875 0.0298828125 0.009765625
2 0.66875 0.0171875 0.0783203125 0.016015625
2 0.753125 0.01796875 0.0783203125 0.0171875
30 0.740625 0.0171875 0.0435546875 0.0091796875
1 0.74609375 0.034375 0.06875 0.009375
26 0.8234375 0.0171875 0.028515625 0.0064453125
26 0.8796875 0.01796875 0.034765625 0.0107421875
1 0.82421875 0.0171875 0.05 0.0158203125
1 0.8796875 0.0171875 0.0501953125 0.016015625
23 0.9203125 0.0171875 0.008984375 0.0123046875
23 0.94375 0.0171875 0.009375 0.0095703125
1 0.9203125 0.0171875 0.0185546875 0.016015625
1 0.94375 0.0171875 0.01875 0.016015625