27 0.23046875 0.0171875 0.0794921875 0.028125
18 0.35078125 0.01796875 0.0455078125 0.0125
18 0.53046875 0.01796875 0.0767578125 0.0125
18 0.62109375 0.0171875 0.0767578125 0.0123046875
18 0.703125 0.0171875 0.056640625 0.0125
20 0.496875 0.01875 0.99375 0.0373046875
28 0.5640625 0.01640625 0.483984375 0.0201171875
23 0.7515625 0.01640625 0.009765625 0.0107421875
36 0.35625 0.3015625 0.3279296875 0.027734375
23 0.221875 0.375 0.0154296875 0.0126953125
26 0.28125 0.375 0.0966796875 0.0125
1 0.27265625 0.375 0.1580078125 0.0279296875
22 0.5 0.3359375 0.9998046875 0.6
1 0.77890625 0.6765625 0.0548828125 0.021875
21 0.30078125 0.678125 0.2265625 0.025
25 0.29140625 0.7640625 0.1955078125 0.1251953125
25 0.49765625 0.7640625 0.196875 0.127734375
11 0.290625 0.79453125 0.196875 0.1890625
11 0.49765625 0.7953125 0.1984375 0.1908203125
14 0.4828125 0.8546875 0.147265625 0.03125
14 0.2734375 0.85390625 0.140625 0.03125
6 0.71328125 0.85078125 0.1875 0.2984375