27 0.0734375 0.015625 0.096484375 0.025390625
28 0.071875 0.040625 0.103125 0.01875
28 0.4703125 0.040625 0.9029296875 0.018359375
2 0.46640625 0.015625 0.646875 0.01875
30 0.2 0.01484375 0.1091796875 0.0107421875
23 0.77578125 0.015625 0.0125 0.0123046875
18 0.82890625 0.01640625 0.0486328125 0.0205078125
18 0.896875 0.015625 0.0529296875 0.019140625
18 0.959375 0.01640625 0.05 0.0203125
28 0.4984375 0.0609375 0.9841796875 0.0091796875
12 0.5 0.1625 1 0.181640625
28 0.01171875 0.1625 0.0232421875 0.044140625
28 0.98828125 0.1625 0.0232421875 0.044140625
1 0.28203125 0.2171875 0.0638671875 0.021484375
26 0.28125 0.2171875 0.050390625 0.0091796875
31 0.50078125 0.5640625 0.55 0.1216796875
1 0.73046875 0.51953125 0.06875 0.0107421875
1 0.3421875 0.5359375 0.053125 0.008984375
1 0.4640625 0.6046875 0.0845703125 0.016015625
1 0.5453125 0.6046875 0.0626953125 0.016015625
1 0.640625 0.55390625 0.0185546875 0.0078125
1 0.7203125 0.58125 0.0064453125 0.006640625
14 0.50078125 0.55859375 0.5296875 0.0607421875
21 0.28828125 0.52109375 0.1013671875 0.009375
23 0.01640625 0.6203125 0.0109375 0.0126953125
8 0.0234375 0.61171875 0.0095703125 0.0109375
1 0.0171875 0.61875 0.0251953125 0.0251953125
1 0.2015625 0.471875 0.0720703125 0.0251953125
11 0.40703125 0.3890625 0.1875 0.2279296875
11 0.60546875 0.38828125 0.1875 0.225
8 0.34609375 0.290625 0.0513671875 0.0125
8 0.54375 0.290625 0.05 0.0126953125
8 0.7421875 0.290625 0.052734375 0.0154296875