27 0.1890625 0.0703125 0.2123046875 0.05625
2 0.53046875 0.06953125 0.278125 0.0423828125
26 0.60703125 0.06875 0.0392578125 0.019140625
23 0.6390625 0.06875 0.0154296875 0.0158203125
18 0.75546875 0.0703125 0.1638671875 0.041015625
1 0.87421875 0.0703125 0.0794921875 0.0408203125
1 0.8125 0.10625 0.0689453125 0.01875
1 0.8875 0.10546875 0.0533203125 0.0173828125
36 0.18984375 0.171875 0.209375 0.05
14 0.32421875 0.240625 0.4765625 0.0564453125
28 0.5046875 0.3109375 0.4625 0.0279296875
10 0.2328125 0.36328125 0.3029296875 0.0201171875
11 0.21875 0.43828125 0.265625 0.1171875
11 0.50078125 0.43671875 0.2625 0.1171875
11 0.21953125 0.59296875 0.2607421875 0.1013671875
11 0.5 0.59375 0.262109375 0.1
11 0.78125 0.5921875 0.2654296875 0.103125
17 0.5 0.715625 0.8373046875 0.0123046875
1 0.25390625 0.76015625 0.0392578125 0.0296875
1 0.2953125 0.7609375 0.040625 0.0310546875
19 0.5 0.9015625 1 0.196875
20 0.5 0.146875 1 0.2935546875
23 0.95 0.5015625 0.0220703125 0.025