27 0.05390625 0.0171875 0.1078125 0.034375
6 0.25078125 0.01796875 0.2361328125 0.0328125
28 0.11875 0.05390625 0.225 0.0138671875
34 0.10234375 0.075 0.1953125 0.0185546875
23 0.9734375 0.07421875 0.009375 0.0109375
23 0.9890625 0.07421875 0.0095703125 0.0107421875
25 0.05546875 0.128125 0.0951171875 0.0533203125
25 0.15390625 0.128125 0.0953125 0.055859375
25 0.253125 0.128125 0.094140625 0.055859375
23 0.0953125 0.10859375 0.0123046875 0.0107421875
23 0.19453125 0.10859375 0.0109375 0.0109375
14 0.0796875 0.03828125 0.1310546875 0.00625
1 0.9703125 0.05390625 0.0501953125 0.0140625
25 0.54921875 0.22265625 0.0923828125 0.053125