6 0.50078125 0.1546875 0.6138671875 0.0783203125
6 0.74140625 0.47421875 0.1392578125 0.5080078125
27 0.22265625 0.02421875 0.1169921875 0.0357421875
23 0.778125 0.02265625 0.034375 0.0328125
23 0.8140625 0.02421875 0.027734375 0.0263671875
28 0.8140625 0.02421875 0.033984375 0.034375
25 0.41640625 0.45 0.4982421875 0.281640625
25 0.28828125 0.91328125 0.2419921875 0.1734375
25 0.54375 0.9140625 0.244140625 0.171875
23 0.81328125 0.06796875 0.01875 0.0236328125
30 0.2890625 0.06875 0.2220703125 0.01875
2 0.5 0.06875 0.6685546875 0.044140625
17 0.5 0.10546875 0.7064453125 0.0234375
20 0.4953125 0.0578125 0.716015625 0.115625
1 0.5640625 0.796875 0.202734375 0.0248046875
21 0.26484375 0.7921875 0.2017578125 0.034765625
21 0.35390625 0.28203125 0.3767578125 0.025
14 0.41328125 0.62265625 0.5013671875 0.046875