27 0.15 0.034375 0.1251953125 0.046875
28 0.56875 0.03671875 0.412890625 0.0232421875
1 0.8390625 0.034375 0.0529296875 0.0310546875
23 0.896875 0.0359375 0.0220703125 0.0248046875
22 0.5 0.26953125 0.9998046875 0.5388671875
27 0.0796875 0.6046875 0.0935546875 0.046875
27 0.2453125 0.6 0.09375 0.059375
27 0.41484375 0.603125 0.0669921875 0.055859375
27 0.58203125 0.60859375 0.08125 0.0419921875
27 0.75078125 0.6015625 0.0986328125 0.0529296875
27 0.91875 0.6078125 0.1001953125 0.0470703125
27 0.0796875 0.7328125 0.090234375 0.046484375
27 0.25 0.73359375 0.093359375 0.0326171875
27 0.415625 0.734375 0.081640625 0.040625
27 0.5859375 0.73046875 0.09375 0.0375
27 0.74921875 0.7328125 0.0732421875 0.040234375
27 0.91875 0.728125 0.106640625 0.031640625