28 0.29296875 0.20625 0.2263671875 0.0185546875
23 0.11796875 0.2046875 0.0142578125 0.0154296875
28 0.11796875 0.2046875 0.0169921875 0.016015625
27 0.1515625 0.2046875 0.028125 0.0279296875
1 0.871875 0.20546875 0.0404296875 0.0203125
26 0.871875 0.20625 0.0310546875 0.0095703125
23 0.83046875 0.20625 0.0140625 0.0158203125
15 0.4953125 0.2375 0.683984375 0.015625
36 0.29375 0.28828125 0.28125 0.0705078125
25 0.29609375 0.4109375 0.2798828125 0.158984375
25 0.54375 0.30546875 0.1935546875 0.109375
25 0.74765625 0.3046875 0.1919921875 0.1064453125
25 0.54453125 0.5390625 0.1951171875 0.108984375
25 0.5015625 0.7640625 0.2875 0.1625
25 0.4140625 0.915625 0.115625 0.065625
25 0.68125 0.88046875 0.0466796875 0.046875
25 0.68046875 0.93203125 0.05 0.05
25 0.25078125 0.73515625 0.1890625 0.1044921875
13 0.49921875 0.4328125 0.70625 0.4125
21 0.24921875 0.66953125 0.1890625 0.0205078125
21 0.4984375 0.6703125 0.2875 0.025
15 0.24921875 0.91328125 0.19375 0.1732421875
20 0.4953125 0.109375 0.990625 0.21875