27 0.18203125 0.05546875 0.0642578125 0.0578125
25 0.32109375 0.35390625 0.3423828125 0.1326171875
25 0.678125 0.353125 0.344140625 0.1314453125
25 0.58828125 0.4828125 0.1669921875 0.0939453125
11 0.590625 0.50078125 0.169140625 0.1388671875
11 0.7671875 0.50078125 0.1658203125 0.1375
25 0.32109375 0.55390625 0.3451171875 0.2359375
29 0.31953125 0.69140625 0.3455078125 0.0296875
6 0.503125 0.78828125 0.6876953125 0.0982421875
25 0.58828125 0.62734375 0.1669921875 0.0951171875
25 0.76796875 0.62578125 0.1638671875 0.0953125
11 0.58828125 0.64609375 0.1703125 0.1388671875
28 0.51015625 0.0453125 0.5701171875 0.0283203125
23 0.81640625 0.0453125 0.01875 0.0185546875
28 0.84375 0.04375 0.0216796875 0.021875
28 0.50234375 0.075 0.553125 0.0185546875
20 0.49921875 0.04296875 0.9921875 0.0859375
15 0.5 0.01328125 0.7095703125 0.0263671875