27 0.0515625 0.05546875 0.08125 0.0326171875
28 0.496875 0.01875 0.9935546875 0.0373046875
1 0.9375 0.0609375 0.096875 0.028515625
28 0.496875 0.1015625 0.99375 0.033984375
1 0.759375 0.0609375 0.031640625 0.0125
1 0.828125 0.06015625 0.0689453125 0.015625
23 0.80078125 0.06015625 0.0111328125 0.0125
26 0.83515625 0.0609375 0.0517578125 0.0123046875
26 0.94765625 0.059375 0.0544921875 0.0125
23 0.909375 0.059375 0.0185546875 0.0185546875
26 0.62421875 0.0609375 0.0326171875 0.015234375
23 0.5984375 0.06015625 0.0095703125 0.0138671875
7 0.50078125 0.134375 0.9984375 0.0341796875
22 0.5 0.290625 1 0.278125
36 0.2515625 0.25234375 0.1935546875 0.0607421875
14 0.2828125 0.30703125 0.2529296875 0.03125
26 0.20390625 0.3453125 0.071875 0.0154296875
1 0.20234375 0.34609375 0.0923828125 0.0265625
26 0.29453125 0.34609375 0.05625 0.0125
1 0.29453125 0.34609375 0.0767578125 0.0265625
25 0.65703125 0.29140625 0.390625 0.2076171875
25 0.21328125 0.5203125 0.1611328125 0.0966796875
25 0.40390625 0.5203125 0.1638671875 0.1
25 0.5953125 0.5203125 0.159765625 0.0970703125
25 0.7875 0.51953125 0.162109375 0.0982421875
21 0.29296875 0.76953125 0.328125 0.0234375
20 0.5 0.05859375 1 0.1169921875
26 0.17109375 0.85078125 0.05625 0.0140625
1 0.1703125 0.85078125 0.0779296875 0.0263671875
1 0.265625 0.85078125 0.100390625 0.0265625
26 0.265625 0.85 0.081640625 0.0123046875
14 0.359375 0.8078125 0.465625 0.0279296875