27 0.2453125 0.0328125 0.0373046875 0.0376953125
28 0.190625 0.03359375 0.0220703125 0.01875
1 0.71640625 0.03359375 0.0732421875 0.0671875
1 0.80078125 0.03359375 0.096875 0.0671875
22 0.5 0.1921875 0.6939453125 0.25
1 0.30703125 0.4609375 0.2142578125 0.0439453125
36 0.39140625 0.34921875 0.390625 0.0236328125
14 0.496875 0.3953125 0.596875 0.040625
20 0.49921875 0.03359375 0.6984375 0.0671875
1 0.6171875 0.96328125 0.153125 0.0451171875
1 0.73671875 0.96484375 0.0546875 0.021875
31 0.50078125 0.9625 0.6951171875 0.0748046875
21 0.31875 0.6046875 0.1033203125 0.0314453125
21 0.6203125 0.6046875 0.13125 0.0279296875
21 0.32421875 0.8203125 0.1201171875 0.028125
21 0.6265625 0.81953125 0.146484375 0.0265625