27 0.36015625 0.0390625 0.0517578125 0.053515625
28 0.30234375 0.03828125 0.0267578125 0.025
23 0.55078125 0.03828125 0.0359375 0.0330078125
1 0.6640625 0.03828125 0.133984375 0.0765625
20 0.5 0.03828125 0.4625 0.0765625
22 0.5 0.18203125 0.4625 0.2173828125
26 0.5 0.51171875 0.115625 0.0234375
1 0.50078125 0.51171875 0.3859375 0.0609375
36 0.446875 0.36171875 0.2875 0.0611328125
14 0.48828125 0.43828125 0.3640625 0.0580078125
18 0.51015625 0.709375 0.384375 0.044140625
14 0.49296875 0.834375 0.4076171875 0.025390625
26 0.5015625 0.89609375 0.0939453125 0.0205078125
1 0.5 0.89375 0.4095703125 0.0626953125
1 0.50078125 0.96328125 0.0861328125 0.0298828125
23 0.6296875 0.03828125 0.027734375 0.0357421875
26 0.68359375 0.03984375 0.0638671875 0.0298828125