27 0.0390625 0.01640625 0.05 0.0142578125
23 0.07265625 0.015625 0.0138671875 0.0154296875
30 0.1375 0.0171875 0.0966796875 0.0095703125
2 0.46796875 0.0171875 0.7671875 0.0216796875
1 0.8390625 0.0171875 0.0251953125 0.0189453125
18 0.94609375 0.01484375 0.04375 0.0125
18 0.97265625 0.04765625 0.0267578125 0.0107421875
18 0.0375 0.04765625 0.0591796875 0.0125
20 0.5 0.03046875 0.9998046875 0.0609375
1 0.95703125 0.63515625 0.0546875 0.0267578125
29 0.5 0.25546875 0.0248046875 0.0109375
6 0.5 0.15625 0.5220703125 0.1685546875
11 0.365625 0.39296875 0.2439453125 0.18125
11 0.5578125 0.39296875 0.13125 0.1828125
11 0.69296875 0.3921875 0.13125 0.183984375
21 0.30390625 0.2921875 0.125 0.0158203125