27 0.24375 0.04921875 0.10625 0.034375
23 0.3609375 0.04296875 0.009765625 0.0142578125
30 0.40390625 0.0421875 0.0705078125 0.016015625
18 0.4484375 0.04296875 0.196484375 0.028125
26 0.57734375 0.0421875 0.0421875 0.0154296875
1 0.578125 0.04140625 0.0591796875 0.0265625
23 0.65703125 0.05 0.0109375 0.0123046875
26 0.68828125 0.04921875 0.046875 0.0138671875
1 0.68125 0.0484375 0.075390625 0.025
26 0.771875 0.04921875 0.0529296875 0.0140625
23 0.73671875 0.04921875 0.0125 0.0125
1 0.76328125 0.04921875 0.0828125 0.0265625
21 0.25390625 0.10390625 0.0986328125 0.0205078125
28 0.25234375 0.16953125 0.0923828125 0.1044921875
21 0.259375 0.2515625 0.1064453125 0.01875
28 0.25546875 0.32109375 0.1015625 0.10625
25 0.46171875 0.18359375 0.2671875 0.1763671875
1 0.63125 0.35390625 0.0125 0.0142578125
1 0.63125 0.3734375 0.0125 0.0154296875
1 0.63125 0.3921875 0.0126953125 0.0125
1 0.71015625 0.4890625 0.115625 0.022265625
1 0.709375 0.56796875 0.1 0.025
28 0.50078125 0.01015625 0.6142578125 0.015625
20 0.496875 0.03828125 0.99375 0.0763671875
6 0.4015625 0.86796875 0.3876953125 0.065625
25 0.39453125 0.4765625 0.1298828125 0.05
25 0.53046875 0.47578125 0.1298828125 0.0513671875
25 0.3953125 0.3453125 0.1314453125 0.0658203125
25 0.53046875 0.3453125 0.1326171875 0.0658203125