27 0.25703125 0.0234375 0.0919921875 0.022265625
36 0.52109375 0.0234375 0.0796875 0.01875
1 0.25703125 0.05390625 0.06875 0.0138671875
1 0.25703125 0.06953125 0.0455078125 0.0109375
2 0.2578125 0.09375 0.1029296875 0.01875
16 0.25625 0.15078125 0.096875 0.0669921875
18 0.75859375 0.025 0.0515625 0.0125
21 0.3921875 0.05703125 0.125 0.0201171875
21 0.54140625 0.0578125 0.1390625 0.0158203125
21 0.66796875 0.05703125 0.0828125 0.0169921875
21 0.39296875 0.1875 0.1236328125 0.018359375
21 0.54140625 0.20234375 0.1419921875 0.0171875
21 0.39296875 0.34375 0.1267578125 0.01875
28 0.38125 0.12109375 0.1064453125 0.10625
28 0.390625 0.2625 0.125 0.13125
28 0.39140625 0.44140625 0.1236328125 0.1794921875
28 0.5265625 0.12734375 0.1126953125 0.1234375
28 0.53828125 0.34921875 0.1388671875 0.2767578125
28 0.66484375 0.25 0.0830078125 0.3689453125
1 0.221875 0.20625 0.01875 0.0125
1 0.240625 0.20625 0.0125 0.012109375
1 0.2625 0.20625 0.0220703125 0.009375
1 0.2875 0.20625 0.0189453125 0.012109375
1 0.25625 0.2359375 0.0748046875 0.009375
1 0.25625 0.25 0.0498046875 0.009375
1 0.25703125 0.265625 0.0544921875 0.0123046875