28 0.16875 0.0296875 0.025390625 0.022265625
27 0.5015625 0.02890625 0.1251953125 0.0357421875
1 0.77421875 0.0265625 0.0767578125 0.0345703125
23 0.8328125 0.0234375 0.0220703125 0.028125
22 0.50078125 0.221875 0.6953125 0.325390625
11 0.26875 0.70078125 0.219140625 0.2669921875
11 0.50078125 0.6984375 0.2173828125 0.2658203125
11 0.73203125 0.6984375 0.2201171875 0.266015625
29 0.5015625 0.54140625 0.2126953125 0.0205078125
36 0.50546875 0.42265625 0.4357421875 0.0361328125
1 0.446875 0.278125 0.15 0.037109375
12 0.49921875 0.475 0.6923828125 0.1779296875
20 0.49921875 0.03046875 0.6953125 0.0607421875
19 0.50234375 0.96640625 0.6798828125 0.0640625