27 0.03203125 0.01171875 0.0451171875 0.0142578125
28 0.15390625 0.01171875 0.1923828125 0.0142578125
23 0.3375 0.01171875 0.0091796875 0.0111328125
30 0.36015625 0.0125 0.0328125 0.0095703125
23 0.64609375 0.0125 0.0080078125 0.012109375
26 0.6609375 0.0125 0.01875 0.0095703125
1 0.65546875 0.01171875 0.0451171875 0.0171875
2 0.503125 0.0125 0.353125 0.0185546875
28 0.8515625 0.01171875 0.172265625 0.0142578125
1 0.96640625 0.01171875 0.0455078125 0.0171875
26 0.96796875 0.0125 0.0169921875 0.009375
20 0.5 0.0125 1 0.025
28 0.5 0.04609375 0.687109375 0.0375
6 0.5 0.09609375 0.6876953125 0.0486328125
25 0.26171875 0.2078125 0.209375 0.115625
6 0.759375 0.22890625 0.1689453125 0.2013671875
25 0.1921875 0.42578125 0.0716796875 0.040625
25 0.190625 0.50859375 0.0685546875 0.04375
25 0.190625 0.58984375 0.0689453125 0.04375
34 0.23828125 0.3609375 0.1703125 0.0283203125
21 0.290625 0.39296875 0.2716796875 0.015625
23 0.23671875 0.43984375 0.0080078125 0.009375
23 0.2703125 0.4390625 0.009765625 0.009765625
23 0.23515625 0.52265625 0.009375 0.0109375
23 0.26953125 0.521875 0.0138671875 0.012109375
23 0.2359375 0.60234375 0.0095703125 0.0109375
23 0.26875 0.60234375 0.0125 0.0125
23 0.978125 0.5140625 0.019140625 0.0220703125
23 0.97734375 0.540625 0.021875 0.01875
23 0.97890625 0.56484375 0.0205078125 0.0173828125
23 0.4921875 0.1359375 0.009375 0.009765625
23 0.503125 0.1359375 0.0091796875 0.0126953125
23 0.64375 0.13515625 0.009375 0.0125
23 0.6546875 0.13515625 0.008984375 0.0138671875
23 0.6484375 0.36015625 0.00625 0.0125
23 0.82734375 0.36171875 0.0078125 0.0111328125
23 0.82578125 0.3890625 0.00625 0.0126953125
23 0.8265625 0.40859375 0.009375 0.0109375
23 0.8265625 0.4296875 0.008984375 0.015234375
23 0.82734375 0.45078125 0.0107421875 0.0138671875
23 0.828125 0.6328125 0.0064453125 0.009375
21 0.70625 0.3625 0.037890625 0.0154296875