27 0.21015625 0.02890625 0.090625 0.0232421875
28 0.5875 0.0421875 0.287109375 0.0123046875
28 0.7921875 0.01484375 0.134765625 0.0169921875
23 0.753125 0.03984375 0.015625 0.015625
23 0.78359375 0.03984375 0.0140625 0.0171875
23 0.85078125 0.0421875 0.0140625 0.008984375
1 0.7953125 0.03984375 0.0435546875 0.0201171875
1 0.84296875 0.0421875 0.0328125 0.0126953125
20 0.5 0.03046875 0.7314453125 0.0609375
22 0.5 0.18203125 0.7310546875 0.2421875
1 0.221875 0.23203125 0.1154296875 0.0267578125
26 0.221875 0.2328125 0.06875 0.0125
31 0.5 0.71953125 0.3810546875 0.5017578125
1 0.375 0.68828125 0.0939453125 0.0263671875
1 0.61015625 0.6890625 0.1296875 0.027734375
1 0.34453125 0.73125 0.015625 0.018359375
1 0.34453125 0.75859375 0.015625 0.0142578125
1 0.34453125 0.78671875 0.0171875 0.0171875
5 0.50078125 0.75859375 0.3578125 0.0953125
23 0.6625 0.7296875 0.012890625 0.016015625
23 0.6625 0.7578125 0.012890625 0.015625
23 0.66328125 0.78671875 0.0171875 0.015625
21 0.43203125 0.5015625 0.2171875 0.021875
30 0.46328125 0.32265625 0.1294921875 0.0125
23 0.60078125 0.32265625 0.0173828125 0.01875
1 0.60078125 0.321875 0.03125 0.0314453125
23 0.4015625 0.2859375 0.0220703125 0.021875
23 0.309375 0.290625 0.025 0.0189453125
23 0.69296875 0.28984375 0.01875 0.025
2 0.503125 0.32265625 0.225390625 0.0298828125