20 0.50078125 0.0609375 0.9984375 0.1216796875
12 0.50078125 0.25625 0.9984375 0.26875
7 0.5 0.0921875 1 0.0560546875
27 0.246875 0.0328125 0.10625 0.0408203125
28 0.48671875 0.03515625 0.2857421875 0.021875
26 0.67109375 0.034375 0.0328125 0.0123046875
26 0.75 0.034375 0.0810546875 0.0125
1 0.66953125 0.034375 0.0515625 0.024609375
1 0.75078125 0.03359375 0.0986328125 0.0232421875
1 0.25234375 0.31015625 0.10625 0.0294921875
36 0.3265625 0.16953125 0.2591796875 0.03125
14 0.33828125 0.24609375 0.278125 0.0640625
1 0.15859375 0.25546875 0.04375 0.04375
1 0.84140625 0.25703125 0.04375 0.04375
26 0.253125 0.3109375 0.059375 0.0125
21 0.50078125 0.465625 0.4076171875 0.025390625
15 0.5 0.51171875 0.2998046875 0.0455078125
26 0.50078125 0.5625 0.1205078125 0.0126953125
1 0.5 0.56171875 0.1591796875 0.0298828125
19 0.5 0.7546875 1 0.215625
18 0.7328125 0.73984375 0.1375 0.0232421875
1 0.73203125 0.78125 0.1361328125 0.025
21 0.23125 0.678125 0.065625 0.012890625
21 0.3890625 0.678125 0.0720703125 0.0154296875
21 0.53828125 0.678125 0.0548828125 0.0125
21 0.69140625 0.67734375 0.0578125 0.0169921875
23 0.20703125 0.77578125 0.0201171875 0.0169921875
23 0.2296875 0.7765625 0.0158203125 0.0158203125
23 0.25 0.7765625 0.018359375 0.01875
14 0.21171875 0.70390625 0.0296875 0.0140625
14 0.2265625 0.72109375 0.053515625 0.0138671875
14 0.21796875 0.7390625 0.0390625 0.009375
14 0.22109375 0.75625 0.0421875 0.0123046875
14 0.38984375 0.7046875 0.0736328125 0.0123046875
14 0.378125 0.72109375 0.0470703125 0.0125
14 0.37734375 0.7375 0.0455078125 0.0125
14 0.3796875 0.75546875 0.052734375 0.0109375
14 0.56328125 0.7046875 0.1107421875 0.0123046875
14 0.7265625 0.7046875 0.1248046875 0.0123046875