27 0.021875 0.0125 0.037890625 0.019140625
28 0.09140625 0.0125 0.0984375 0.0123046875
28 0.2390625 0.04140625 0.4685546875 0.0111328125
38 0.11484375 0.121875 0.203125 0.105859375
38 0.33359375 0.12265625 0.2046875 0.1076171875
38 0.5515625 0.121875 0.203515625 0.1064453125
38 0.77109375 0.12109375 0.203125 0.1076171875
11 0.11484375 0.153125 0.203125 0.1685546875
11 0.3328125 0.153125 0.203515625 0.1689453125
11 0.55234375 0.153125 0.20625 0.169140625
11 0.77265625 0.153125 0.20625 0.1720703125
23 0.2078125 0.2296875 0.009765625 0.0126953125
23 0.4265625 0.2296875 0.0126953125 0.0126953125
23 0.64609375 0.2296875 0.0140625 0.0154296875
23 0.865625 0.2296875 0.0123046875 0.015234375
15 0.1984375 0.446875 0.3966796875 0.140625
38 0.04453125 0.9 0.0826171875 0.08125
38 0.13125 0.90078125 0.08125 0.0830078125
38 0.21875 0.9 0.0810546875 0.0814453125
38 0.30625 0.9 0.08125 0.081640625
38 0.39375 0.9015625 0.08125 0.0841796875
38 0.48125 0.90078125 0.0814453125 0.084375
38 0.56875 0.9 0.08125 0.0814453125
38 0.65625 0.89921875 0.08125 0.0826171875
38 0.74296875 0.9 0.08125 0.081640625
38 0.83203125 0.9 0.08125 0.0814453125
38 0.91875 0.9 0.0814453125 0.081640625
23 0.9734375 0.840625 0.022265625 0.0216796875
25 0.978125 0.6359375 0.0376953125 0.028515625
25 0.978125 0.67109375 0.0376953125 0.0298828125
25 0.97890625 0.70625 0.0388671875 0.0283203125
25 0.978125 0.74140625 0.0376953125 0.0267578125
25 0.97890625 0.77578125 0.0388671875 0.0294921875
15 0.184375 0.70703125 0.368359375 0.1732421875
20 0.5 0.02890625 1 0.0578125
1 0.9515625 0.0125 0.0341796875 0.015625
23 0.98359375 0.0125 0.0142578125 0.0154296875