27 0.03984375 0.01484375 0.0638671875 0.0234375
28 0.4109375 0.01640625 0.665234375 0.025
18 0.7046875 0.015625 0.034375 0.015625
23 0.76953125 0.01484375 0.0138671875 0.0140625
26 0.8265625 0.015625 0.096875 0.0123046875
1 0.81875 0.015625 0.1408203125 0.0279296875
26 0.94453125 0.015625 0.0892578125 0.0125
21 0.22578125 0.06875 0.221875 0.025390625
20 0.49921875 0.015625 0.9984375 0.0310546875
28 0.221875 0.09921875 0.2125 0.0201171875
25 0.1703125 0.18359375 0.1716796875 0.1298828125
25 0.3421875 0.18203125 0.1716796875 0.1294921875
25 0.5125 0.1828125 0.169140625 0.1310546875
25 0.68359375 0.18359375 0.1705078125 0.13125
25 0.85625 0.18203125 0.1716796875 0.1294921875
21 0.2046875 0.34375 0.1814453125 0.0279296875
27 0.1296875 0.37734375 0.0314453125 0.01875
27 0.13046875 0.415625 0.0265625 0.0220703125
27 0.1296875 0.45546875 0.0341796875 0.0201171875
27 0.13203125 0.49453125 0.0359375 0.0125
27 0.1296875 0.5328125 0.0314453125 0.0158203125
27 0.284375 0.378125 0.03125 0.01875
27 0.28515625 0.41640625 0.0326171875 0.0142578125
27 0.284375 0.45546875 0.030859375 0.0171875
27 0.284375 0.49453125 0.030859375 0.021875
27 0.28515625 0.5328125 0.028125 0.0220703125
27 0.43671875 0.37734375 0.025 0.0234375
27 0.43828125 0.4171875 0.0294921875 0.0279296875
27 0.4375 0.45546875 0.0283203125 0.0234375
27 0.43671875 0.49375 0.0171875 0.025390625
27 0.43671875 0.534375 0.021875 0.024609375
27 0.59140625 0.378125 0.0294921875 0.021875
27 0.59140625 0.41640625 0.0267578125 0.0234375
27 0.59140625 0.45546875 0.0234375 0.0236328125
27 0.590625 0.49375 0.031640625 0.01875
1 0.646875 0.53359375 0.075390625 0.0232421875
26 0.16328125 0.378125 0.0294921875 0.0158203125
26 0.165625 0.4171875 0.037109375 0.0189453125
26 0.16640625 0.45703125 0.03125 0.0171875
26 0.16875 0.4953125 0.034375 0.0154296875
26 0.1640625 0.5328125 0.0283203125 0.0185546875
26 0.32578125 0.37890625 0.0482421875 0.0171875
26 0.3140625 0.41640625 0.021484375 0.01875
26 0.334375 0.45625 0.062109375 0.012890625
26 0.31953125 0.49453125 0.0328125 0.015625
26 0.3203125 0.53515625 0.0376953125 0.015625
26 0.496875 0.37734375 0.084375 0.015625
26 0.484375 0.4171875 0.0533203125 0.0158203125
26 0.47578125 0.45625 0.0388671875 0.015625
26 0.478125 0.4953125 0.04375 0.0126953125
26 0.47421875 0.53359375 0.0357421875 0.0138671875
26 0.628125 0.37734375 0.0373046875 0.015625
26 0.6421875 0.4171875 0.065234375 0.015625
26 0.6265625 0.45546875 0.0341796875 0.0142578125
26 0.62421875 0.4953125 0.0296875 0.0189453125
1 0.77890625 0.471875 0.06875 0.012109375
25 0.1875 0.921875 0.140625 0.1408203125
25 0.340625 0.921875 0.1435546875 0.1439453125
25 0.4953125 0.92265625 0.140625 0.1451171875
25 0.6484375 0.92109375 0.141015625 0.1451171875