27 0.5 0.09453125 0.1466796875 0.1107421875
18 0.88125 0.02578125 0.0375 0.0203125
28 0.91796875 0.02421875 0.01875 0.0171875
30 0.3984375 0.18515625 0.1970703125 0.01875
2 0.5 0.184375 0.419140625 0.0345703125
36 0.5 0.2328125 0.4 0.027734375
1 0.5 0.309375 0.146875 0.028125
14 0.5015625 0.3375 0.1310546875 0.009375
26 0.49921875 0.309375 0.125 0.0125
36 0.49921875 0.65 0.3482421875 0.05625
1 0.5 0.75625 0.168359375 0.025390625
11 0.278125 0.50703125 0.2091796875 0.1986328125
11 0.50078125 0.50625 0.2044921875 0.199609375
11 0.72265625 0.50703125 0.2080078125 0.2044921875
4 0.5015625 0.27578125 0.3 0.0205078125
24 0.50390625 0.88046875 0.5607421875 0.2171875