28 0.3 0.03125 0.030859375 0.0251953125
27 0.34765625 0.03125 0.0388671875 0.040625
30 0.534375 0.03125 0.059375 0.0189453125
23 0.6421875 0.03359375 0.0283203125 0.0267578125
23 0.69765625 0.0328125 0.0357421875 0.0251953125
20 0.50078125 0.0296875 0.4640625 0.059375
6 0.5015625 0.12265625 0.465234375 0.1232421875
36 0.45859375 0.27421875 0.3578125 0.0890625
8 0.315625 0.20859375 0.0716796875 0.025
25 0.5 0.46171875 0.4623046875 0.2607421875
25 0.3625 0.66015625 0.1623046875 0.0919921875
25 0.36171875 0.77890625 0.1607421875 0.0919921875
25 0.36171875 0.91796875 0.1611328125 0.0919921875
14 0.58828125 0.675 0.2703125 0.0626953125
14 0.56640625 0.8015625 0.2203125 0.084765625
14 0.58125 0.921875 0.256640625 0.053125
21 0.528125 0.88359375 0.15625 0.0205078125
21 0.5015625 0.74296875 0.097265625 0.0201171875
21 0.5265625 0.62578125 0.1529296875 0.0234375