20 0.49765625 0.009375 0.9953125 0.01875
18 0.2734375 0.00859375 0.046875 0.0111328125
18 0.3234375 0.00859375 0.040234375 0.0109375
18 0.37421875 0.00859375 0.046875 0.0111328125
18 0.43046875 0.00859375 0.0546875 0.0111328125
18 0.48984375 0.009375 0.053125 0.0123046875
18 0.546875 0.009375 0.049609375 0.0123046875
18 0.590625 0.00859375 0.0248046875 0.0109375
18 0.70546875 0.009375 0.0390625 0.0123046875
18 0.75234375 0.01015625 0.0390625 0.0107421875
28 0.5 0.009375 0.625 0.0154296875
6 0.5 0.16015625 0.6248046875 0.2796875
6 0.13828125 0.1015625 0.0857421875 0.153515625
34 0.49921875 0.5546875 0.6263671875 0.0248046875
6 0.5015625 0.67734375 0.6279296875 0.0375
15 0.49921875 0.609375 0.6236328125 0.0875
34 0.4671875 0.715625 0.222265625 0.0220703125