27 0.1078125 0.01171875 0.0185546875 0.01875
1 0.396875 0.0125 0.04375 0.0091796875
1 0.4625 0.0125 0.0810546875 0.0091796875
1 0.51875 0.0125 0.0220703125 0.0091796875
30 0.553125 0.01171875 0.0283203125 0.0076171875
2 0.58203125 0.01171875 0.09375 0.0142578125
30 0.65 0.01171875 0.025390625 0.0076171875
2 0.6796875 0.0109375 0.09375 0.015625
26 0.7546875 0.0109375 0.016015625 0.0091796875
1 0.7546875 0.01171875 0.0529296875 0.015625
23 0.790625 0.01171875 0.0126953125 0.0140625
28 0.45703125 0.03359375 0.6796875 0.0171875
28 0.5015625 0.13515625 0.453515625 0.0455078125
1 0.87578125 0.3296875 0.0171875 0.0185546875
1 0.33359375 0.44921875 0.01875 0.0201171875
1 0.6046875 0.4484375 0.01875 0.0185546875
1 0.8765625 0.44921875 0.01875 0.0201171875
6 0.4984375 0.2859375 0.8001953125 0.134765625
25 0.228125 0.4203125 0.256640625 0.1033203125
25 0.5 0.41953125 0.259375 0.1048828125
25 0.77265625 0.4203125 0.259375 0.10625
26 0.29765625 0.146875 0.0263671875 0.006640625
26 0.3546875 0.146875 0.0158203125 0.00625
26 0.41328125 0.14765625 0.01875 0.0076171875
26 0.47109375 0.14765625 0.0173828125 0.0078125
26 0.52890625 0.14765625 0.0203125 0.0076171875
26 0.58671875 0.14765625 0.0236328125 0.00625
26 0.64453125 0.14765625 0.040625 0.00625
26 0.70234375 0.14765625 0.0388671875 0.00625
23 0.296875 0.128125 0.0158203125 0.0125
23 0.3546875 0.12734375 0.0158203125 0.009375
23 0.4125 0.12734375 0.0126953125 0.015625
23 0.4703125 0.12734375 0.0154296875 0.0142578125
23 0.52890625 0.12734375 0.015625 0.0142578125
23 0.58671875 0.128125 0.0125 0.015625
23 0.64453125 0.128125 0.0138671875 0.0154296875
23 0.703125 0.12734375 0.012890625 0.0080078125