27 0.20078125 0.02421875 0.0326171875 0.0328125
28 0.2375 0.025 0.021875 0.0220703125
23 0.2375 0.025 0.0251953125 0.0310546875
1 0.39140625 0.0265625 0.075 0.0189453125
1 0.503125 0.0265625 0.140625 0.0158203125
1 0.5953125 0.02734375 0.040234375 0.015625
1 0.7765625 0.02421875 0.040625 0.0201171875
2 0.6546875 0.02578125 0.0658203125 0.0171875
2 0.72265625 0.02578125 0.0640625 0.0173828125
23 0.22734375 0.18203125 0.0298828125 0.021875
23 0.3046875 0.1796875 0.0310546875 0.025
23 0.38359375 0.18125 0.0296875 0.0310546875
23 0.46171875 0.17890625 0.0298828125 0.0296875
23 0.540625 0.17890625 0.0279296875 0.0294921875
23 0.6203125 0.178125 0.021484375 0.0310546875
23 0.6953125 0.18046875 0.027734375 0.0296875
23 0.7765625 0.17890625 0.0310546875 0.0263671875
26 0.228125 0.21484375 0.043359375 0.0140625
26 0.3046875 0.21484375 0.0279296875 0.0140625
26 0.38359375 0.21484375 0.034375 0.015625
26 0.46171875 0.2140625 0.034375 0.0154296875
26 0.5390625 0.21484375 0.034375 0.015625
26 0.61875 0.21484375 0.0373046875 0.0140625
26 0.696875 0.21484375 0.0654296875 0.0171875
26 0.77421875 0.215625 0.0609375 0.0154296875
25 0.5015625 0.40078125 0.622265625 0.1517578125
25 0.2859375 0.553125 0.196875 0.1189453125
25 0.50078125 0.5515625 0.2 0.121484375
25 0.71484375 0.553125 0.1982421875 0.121875
36 0.61640625 0.3953125 0.2236328125 0.058984375
21 0.2296875 0.51953125 0.05625 0.0205078125
21 0.44296875 0.5265625 0.0580078125 0.0408203125
21 0.665625 0.5265625 0.0716796875 0.0373046875
23 0.35703125 0.584375 0.021875 0.024609375
23 0.57265625 0.584375 0.0232421875 0.025390625
23 0.784375 0.584375 0.025390625 0.0216796875
23 0.78515625 0.4484375 0.025 0.021875
1 0.78828125 0.4484375 0.0267578125 0.0310546875
1 0.7859375 0.5828125 0.0251953125 0.0251953125
1 0.57265625 0.584375 0.021875 0.021875
1 0.35859375 0.58515625 0.0265625 0.0234375
20 0.5 0.02578125 0.6939453125 0.0486328125