27 0.0328125 0.01640625 0.046484375 0.0263671875
26 0.425 0.01796875 0.059375 0.0080078125
23 0.60078125 0.01796875 0.0109375 0.0109375
1 0.6 0.01796875 0.019140625 0.0201171875
2 0.5 0.0171875 0.225 0.0220703125
28 0.959375 0.01640625 0.0626953125 0.01875
20 0.5 0.01953125 0.9998046875 0.0390625
15 0.3328125 0.4 0.603515625 0.312890625
28 0.73203125 0.3078125 0.1326171875 0.140234375
1 0.91171875 0.54765625 0.1763671875 0.0361328125
34 0.15625 0.1578125 0.225390625 0.034375
19 0.5 0.934375 1 0.13125