27 0.146875 0.04140625 0.075390625 0.0328125
28 0.5 0.08125 0.7626953125 0.024609375
18 0.2265625 0.0421875 0.0564453125 0.028125
2 0.5 0.0421875 0.4814453125 0.0283203125
30 0.33359375 0.0421875 0.0955078125 0.0154296875
18 0.68828125 0.0421875 0.0986328125 0.022265625
1 0.7953125 0.0421875 0.103125 0.027734375
28 0.7265625 0.009375 0.1841796875 0.0154296875
18 0.7203125 0.00859375 0.075 0.0107421875
18 0.79453125 0.00859375 0.046875 0.0111328125
22 0.5 0.19296875 0.81875 0.2048828125
1 0.17265625 0.21953125 0.1294921875 0.0294921875
6 0.1765625 0.43046875 0.134375 0.2048828125
1 0.1765625 0.4375 0.115625 0.043359375
21 0.16953125 0.35625 0.1046875 0.0404296875
21 0.2609375 0.58203125 0.3060546875 0.0203125
28 0.49921875 0.67109375 0.753125 0.134375
6 0.5015625 0.80703125 0.778515625 0.0732421875
1 0.82265625 0.80625 0.1173828125 0.03125
20 0.49921875 0.04453125 0.8203125 0.0890625