6 0.5 0.83828125 0.821875 0.2076171875
26 0.16015625 0.86328125 0.0794921875 0.0111328125
23 0.2109375 0.86328125 0.016015625 0.015625
1 0.16953125 0.86484375 0.1205078125 0.0298828125
36 0.1953125 0.771875 0.177734375 0.0533203125
14 0.20625 0.82265625 0.203125 0.028125
25 0.51640625 0.8359375 0.38125 0.1751953125
27 0.14609375 0.0421875 0.0794921875 0.040234375
18 0.21328125 0.04375 0.0486328125 0.0251953125
23 0.26484375 0.0421875 0.0169921875 0.01875
30 0.321875 0.04296875 0.094140625 0.0140625
18 0.646875 0.0421875 0.0845703125 0.0126953125
2 0.47109375 0.0421875 0.4517578125 0.0310546875
26 0.753125 0.04296875 0.055859375 0.0125
1 0.75234375 0.04296875 0.1078125 0.0296875
1 0.846875 0.04296875 0.0779296875 0.0171875
28 0.50078125 0.0796875 0.7482421875 0.0189453125
6 0.47734375 0.009375 0.0951171875 0.01875
23 0.84375 0.009375 0.01875 0.0158203125
23 0.87578125 0.01015625 0.0203125 0.0169921875
18 0.79609375 0.01015625 0.0517578125 0.0125
18 0.73125 0.01015625 0.0564453125 0.0107421875
28 0.77578125 0.01015625 0.2236328125 0.0142578125
1 0.1796875 0.01015625 0.0564453125 0.0111328125
1 0.24453125 0.0109375 0.0517578125 0.0125
28 0.26328125 0.009375 0.3111328125 0.0154296875
20 0.49609375 0.04453125 0.9921875 0.0890625
22 0.5 0.19375 0.8220703125 0.2064453125
36 0.17890625 0.12734375 0.14375 0.05625
14 0.2 0.17734375 0.1873046875 0.0294921875
26 0.17421875 0.21875 0.1111328125 0.015625
23 0.23984375 0.21875 0.0140625 0.015625
1 0.18359375 0.21953125 0.1513671875 0.0298828125
23 0.88515625 0.27109375 0.0234375 0.0263671875
21 0.15703125 0.33828125 0.1 0.0201171875
26 0.17109375 0.471875 0.090625 0.0126953125
26 0.28203125 0.471875 0.034375 0.0123046875
26 0.390625 0.47265625 0.065625 0.0125
26 0.5 0.4734375 0.0626953125 0.0126953125
26 0.609375 0.47734375 0.069140625 0.025
26 0.71953125 0.471875 0.0830078125 0.0125
26 0.82734375 0.47265625 0.0921875 0.0142578125
25 0.17265625 0.4109375 0.096875 0.097265625
25 0.28203125 0.41171875 0.0982421875 0.0986328125
25 0.39140625 0.41171875 0.0953125 0.096875
25 0.5 0.4109375 0.096875 0.0998046875
25 0.60859375 0.41171875 0.096875 0.0986328125
25 0.71796875 0.4125 0.096875 0.099609375
25 0.8265625 0.4109375 0.096875 0.0998046875
6 0.178125 0.61171875 0.131640625 0.16875
26 0.1578125 0.65078125 0.053515625 0.0138671875
23 0.196875 0.65 0.0158203125 0.01875
1 0.16796875 0.6515625 0.1 0.03125
25 0.32109375 0.5984375 0.0919921875 0.1220703125
25 0.46484375 0.59609375 0.13125 0.0875
25 0.60859375 0.596875 0.1298828125 0.131640625
25 0.75234375 0.59609375 0.096875 0.1326171875