27 0.2578125 0.0234375 0.127734375 0.04375
34 0.71328125 0.03828125 0.1857421875 0.028125
2 0.2828125 0.065625 0.172265625 0.019140625
30 0.23046875 0.06640625 0.0642578125 0.0107421875
18 0.33046875 0.06640625 0.0765625 0.0203125
2 0.24453125 0.06640625 0.0953125 0.0205078125
2 0.42734375 0.065625 0.096875 0.021875
30 0.4078125 0.06640625 0.0560546875 0.0111328125
18 0.5140625 0.06640625 0.0751953125 0.0203125
23 0.5421875 0.0671875 0.0064453125 0.00625
23 0.3625 0.06640625 0.0064453125 0.0048828125
26 0.5015625 0.06640625 0.0466796875 0.0107421875
26 0.325 0.06640625 0.062109375 0.009375
2 0.5921875 0.06640625 0.065234375 0.0203125
23 0.575 0.0671875 0.012109375 0.009765625
26 0.6 0.06640625 0.030859375 0.009375
23 0.66328125 0.06796875 0.0142578125 0.0140625
26 0.71015625 0.06640625 0.0732421875 0.0109375
23 0.76640625 0.06875 0.0142578125 0.015625
26 0.7890625 0.065625 0.025 0.009375
20 0.496875 0.04140625 0.99375 0.0828125
6 0.5 0.1765625 0.606640625 0.158984375
28 0.77578125 0.27578125 0.046875 0.0169921875
8 0.4640625 0.5140625 0.021484375 0.01875
8 0.57109375 0.5140625 0.0265625 0.016015625
21 0.40859375 0.4265625 0.0890625 0.0125
28 0.278125 0.640625 0.1501953125 0.7185546875