27 0.14609375 0.04296875 0.0765625 0.0357421875
18 0.21484375 0.04140625 0.0548828125 0.0236328125
2 0.49140625 0.0421875 0.490625 0.0279296875
23 0.2625 0.0421875 0.012890625 0.015234375
30 0.31796875 0.04296875 0.0890625 0.0125
18 0.68671875 0.0421875 0.1013671875 0.025
1 0.79296875 0.0421875 0.1046875 0.027734375
1 0.86796875 0.04296875 0.0375 0.0080078125
26 0.7921875 0.0421875 0.033984375 0.0095703125
18 0.74296875 0.01015625 0.0419921875 0.0125
18 0.79765625 0.00859375 0.0392578125 0.0107421875
23 0.8421875 0.009375 0.0158203125 0.0154296875
23 0.87421875 0.009375 0.0171875 0.0154296875
28 0.49609375 0.08125 0.6888671875 0.01875
20 0.496875 0.04453125 0.99375 0.0888671875
22 0.5 0.19296875 0.81875 0.20625
1 0.15078125 0.1765625 0.0830078125 0.028125
26 0.1421875 0.17578125 0.041015625 0.0173828125
23 0.1734375 0.175 0.0158203125 0.0154296875
36 0.17734375 0.1125 0.1388671875 0.0283203125
21 0.18046875 0.33984375 0.146875 0.0236328125
1 0.30859375 0.33984375 0.0642578125 0.01875
28 0.49921875 0.4265625 0.75625 0.13125
6 0.5 0.5640625 0.780859375 0.071484375
1 0.8390625 0.56328125 0.084375 0.0298828125
26 0.8296875 0.5640625 0.0435546875 0.015234375
1 0.8625 0.56328125 0.0185546875 0.0169921875
25 0.171875 0.41171875 0.0970703125 0.0953125
25 0.28046875 0.41328125 0.096875 0.0955078125
25 0.390625 0.41171875 0.0966796875 0.0982421875
26 0.17109375 0.471875 0.05625 0.0154296875
26 0.28046875 0.4765625 0.0638671875 0.0248046875
21 0.15390625 0.63984375 0.0888671875 0.0201171875
1 0.24765625 0.63828125 0.0642578125 0.01875
17 0.20703125 0.6390625 0.00625 0.0185546875