27 0.1625 0.0203125 0.0908203125 0.0248046875
23 0.5109375 0.02109375 0.0154296875 0.015625
23 0.1640625 0.09375 0.009765625 0.0123046875
23 0.65234375 0.3578125 0.0125 0.0154296875
6 0.58515625 0.12265625 0.609375 0.0580078125
6 0.79375 0.375 0.187890625 0.3779296875
23 0.2890625 0.35703125 0.0126953125 0.0140625
23 0.3140625 0.35703125 0.009765625 0.0125
23 0.6515625 0.6046875 0.0095703125 0.0126953125
23 0.3140625 0.6046875 0.015234375 0.0123046875
23 0.28984375 0.60546875 0.0142578125 0.0140625
23 0.33828125 0.35625 0.0109375 0.015625
23 0.67109375 0.35625 0.0138671875 0.0125
23 0.67265625 0.38359375 0.0296875 0.028125
25 0.67265625 0.63203125 0.0294921875 0.0265625
23 0.83125 0.05 0.012890625 0.01875
23 0.78125 0.04921875 0.0158203125 0.015625
23 0.725 0.05078125 0.018359375 0.0107421875
17 0.49765625 0.065625 0.9921875 0.0064453125
28 0.5109375 0.05078125 0.746484375 0.0169921875
30 0.328125 0.02109375 0.0875 0.0111328125
18 0.38984375 0.02109375 0.2109375 0.0080078125
2 0.4015625 0.02109375 0.24375 0.0236328125
1 0.63828125 0.21875 0.028125 0.012109375
1 0.56328125 0.24765625 0.028125 0.0111328125
1 0.5203125 0.26328125 0.0470703125 0.0125
1 0.634375 0.378125 0.040625 0.009375
1 0.57265625 0.4515625 0.0669921875 0.0126953125
1 0.30703125 0.49609375 0.0298828125 0.0125
1 0.30703125 0.55625 0.0294921875 0.012109375
1 0.33125 0.5859375 0.0529296875 0.015234375
1 0.6375 0.62578125 0.0310546875 0.009375
1 0.30625 0.69921875 0.0501953125 0.0138671875
14 0.4828125 0.271875 0.4064453125 0.153125
14 0.46953125 0.459375 0.3828125 0.0310546875
21 0.29921875 0.171875 0.0392578125 0.015625
21 0.3796875 0.42265625 0.20625 0.0173828125
21 0.41796875 0.66796875 0.278125 0.0232421875
21 0.42421875 0.93828125 0.2888671875 0.0203125
20 0.4984375 0.03359375 0.996875 0.0671875
21 0.1328125 0.09296875 0.046875 0.015625