27 0.32421875 0.02421875 0.2205078125 0.0328125
28 0.17890625 0.02109375 0.0453125 0.0421875
23 0.178125 0.02109375 0.0123046875 0.0138671875
28 0.53671875 0.02421875 0.1826171875 0.0138671875
1 0.79375 0.021875 0.0720703125 0.0154296875
23 0.7671875 0.021875 0.009375 0.009375
26 0.80078125 0.021875 0.0546875 0.009375
26 0.6609375 0.06171875 0.071484375 0.0109375
26 0.78125 0.06171875 0.056640625 0.009375
23 0.81875 0.06171875 0.0123046875 0.0109375
23 0.7046875 0.06171875 0.0126953125 0.0138671875
1 0.66796875 0.06171875 0.1078125 0.0232421875
1 0.78828125 0.06171875 0.0888671875 0.0232421875
2 0.3796875 0.0625 0.45 0.0375
30 0.23203125 0.0609375 0.0955078125 0.0125
23 0.17265625 0.06171875 0.0138671875 0.0142578125
22 0.5 0.21171875 0.675 0.2513671875
6 0.88515625 0.3015625 0.0859375 0.603125
21 0.24375 0.36484375 0.1626953125 0.0375
21 0.41328125 0.36640625 0.1625 0.0392578125
21 0.58125 0.365625 0.162890625 0.0375
21 0.75 0.365625 0.165625 0.040625
20 0.4984375 0.03984375 0.690625 0.0796875
25 0.24375 0.44375 0.162109375 0.1064453125
25 0.4125 0.4453125 0.1626953125 0.109375
25 0.58203125 0.44375 0.1609375 0.1091796875
25 0.75078125 0.44375 0.1638671875 0.1064453125
14 0.23984375 0.54296875 0.1578125 0.071875
14 0.4078125 0.5390625 0.158984375 0.0685546875
14 0.57578125 0.53828125 0.1576171875 0.0701171875
14 0.74609375 0.540625 0.15625 0.0685546875
21 0.20859375 0.771875 0.0955078125 0.024609375
21 0.70703125 0.76953125 0.0673828125 0.021875