6 0.5 0.1203125 0.455859375 0.059375
20 0.4953125 0.0203125 0.990625 0.040625
6 0.1875 0.58125 0.1 0.3783203125
2 0.7421875 0.0203125 0.127734375 0.0248046875
30 0.71953125 0.0203125 0.0671875 0.015625
1 0.82890625 0.0203125 0.0361328125 0.0248046875
27 0.23203125 0.02109375 0.1609375 0.01875
6 0.1875 0.29140625 0.106640625 0.1798828125
34 0.3765625 0.2625 0.2341796875 0.025390625
2 0.409375 0.29140625 0.2689453125 0.0236328125
30 0.32890625 0.290625 0.071875 0.012890625
23 0.2859375 0.28984375 0.0126953125 0.0138671875
1 0.5765625 0.2859375 0.0125 0.0123046875
26 0.71640625 0.290625 0.0234375 0.012890625
1 0.7171875 0.28984375 0.084375 0.0263671875
1 0.81875 0.2875 0.0841796875 0.018359375
26 0.8234375 0.28671875 0.0341796875 0.0111328125
23 0.80234375 0.28671875 0.0080078125 0.0107421875
29 0.503125 0.39375 0.193359375 0.0283203125
25 0.40625 0.4828125 0.2875 0.1248046875