27 0.10703125 0.02265625 0.05625 0.0328125
30 0.2 0.021875 0.0966796875 0.0154296875
28 0.49765625 0.05546875 0.8294921875 0.0142578125
2 0.4671875 0.02265625 0.6591796875 0.0328125
23 0.77265625 0.02265625 0.0171875 0.0205078125
1 0.82890625 0.02265625 0.0296875 0.0111328125
23 0.8703125 0.02109375 0.015234375 0.0140625
23 0.9 0.021875 0.015625 0.015625
20 0.49765625 0.0328125 0.9951171875 0.0654296875
36 0.49921875 0.09140625 0.5640625 0.0263671875
28 0.5015625 0.165625 0.6439453125 0.0966796875
21 0.18125 0.253125 0.19375 0.01875
25 0.16328125 0.3375 0.15625 0.1251953125
25 0.33125 0.33671875 0.1591796875 0.1265625
25 0.49921875 0.3375 0.1578125 0.1279296875
25 0.66796875 0.33671875 0.1580078125 0.1267578125
21 0.21875 0.58671875 0.299609375 0.021875
34 0.49921875 0.6265625 0.8640625 0.03125
14 0.1625 0.41796875 0.1591796875 0.0294921875
23 0.0890625 0.4375 0.0091796875 0.0091796875
25 0.209375 0.76328125 0.28125 0.2234375
8 0.1046875 0.86171875 0.0625 0.0173828125
25 0.42734375 0.70546875 0.1357421875 0.1078125
25 0.4265625 0.8234375 0.134375 0.1064453125
8 0.39296875 0.8640625 0.0578125 0.016015625
25 0.6453125 0.7625 0.278515625 0.225390625
8 0.8546875 0.74453125 0.109375 0.0203125