23 0.41015625 0.0328125 0.0205078125 0.021875
30 0.5015625 0.03203125 0.1185546875 0.025
2 0.50546875 0.03046875 0.2669921875 0.0517578125
23 0.69921875 0.03203125 0.025 0.0234375
23 0.31015625 0.0328125 0.0392578125 0.0376953125
23 0.309375 0.103125 0.0310546875 0.0373046875
23 0.309375 0.17265625 0.030859375 0.0328125
25 0.540625 0.16953125 0.380859375 0.2142578125
21 0.45234375 0.3171875 0.171875 0.0345703125
15 0.5421875 0.58671875 0.3841796875 0.4763671875
1 0.41484375 0.86171875 0.0986328125 0.0296875
26 0.3875 0.965625 0.0564453125 0.01875
26 0.60703125 0.96640625 0.065625 0.0232421875
1 0.38671875 0.9640625 0.2013671875 0.0466796875
1 0.60703125 0.9640625 0.2138671875 0.046484375
20 0.5390625 0.03203125 0.3810546875 0.0611328125