27 0.22734375 0.0234375 0.0328125 0.033984375
22 0.51875 0.1875 0.5060546875 0.2845703125
23 0.30703125 0.0234375 0.0173828125 0.0189453125
30 0.37265625 0.0234375 0.0859375 0.0158203125
23 0.75078125 0.021875 0.021875 0.01875
2 0.4953125 0.021875 0.4283203125 0.0404296875
23 0.2265625 0.07421875 0.025 0.025
23 0.228125 0.1234375 0.021875 0.028125
15 0.3609375 0.54921875 0.1689453125 0.3421875
31 0.5 0.96875 0.6939453125 0.0625
1 0.625 0.96953125 0.0685546875 0.0330078125
1 0.703125 0.96953125 0.0748046875 0.0328125