27 0.2734375 0.14375 0.159375 0.0404296875
14 0.3421875 0.19140625 0.3064453125 0.0421875
30 0.65390625 0.109375 0.1578125 0.0185546875
30 0.6015625 0.14921875 0.059375 0.01875
26 0.68046875 0.190625 0.040625 0.0158203125
1 0.6796875 0.18984375 0.2283203125 0.0359375
1 0.68125 0.22109375 0.0939453125 0.0140625
26 0.68046875 0.27109375 0.1080078125 0.0171875
1 0.68046875 0.2703125 0.128125 0.0341796875
17 0.67890625 0.2390625 0.2326171875 0.0091796875
2 0.68046875 0.1484375 0.2326171875 0.034765625
2 0.6796875 0.10859375 0.234375 0.0390625
11 0.68046875 0.19140625 0.2515625 0.2234375
14 0.67890625 0.32421875 0.2080078125 0.01875
19 0.5 0.509375 1 0.119140625