27 0.02109375 0.02421875 0.0326171875 0.040625
27 0.5203125 0.25390625 0.1904296875 0.0484375
30 0.3921875 0.30546875 0.227734375 0.0140625
1 0.7546875 0.30390625 0.015625 0.0169921875
23 0.7546875 0.3046875 0.009375 0.0091796875
2 0.5203125 0.30390625 0.502734375 0.0265625
28 0.0203125 0.190625 0.0376953125 0.224609375
23 0.02109375 0.0609375 0.0173828125 0.016015625
1 0.021875 0.32578125 0.0283203125 0.0421875
25 0.1828125 0.3765625 0.122265625 0.066015625
8 0.14140625 0.40234375 0.0419921875 0.0171875
14 0.17890625 0.44140625 0.1017578125 0.0451171875
14 0.31796875 0.453125 0.1078125 0.0685546875
14 0.45078125 0.446875 0.1044921875 0.0533203125
14 0.58828125 0.446875 0.1078125 0.0533203125
14 0.7234375 0.453125 0.108984375 0.0658203125
14 0.84765625 0.44609375 0.0861328125 0.0546875
25 0.859375 0.3765625 0.124609375 0.0685546875
25 0.72421875 0.37734375 0.1232421875 0.0673828125
25 0.5890625 0.37734375 0.122265625 0.06875
25 0.45390625 0.37734375 0.1234375 0.0673828125
25 0.31796875 0.37734375 0.1236328125 0.0671875
8 0.2734375 0.40234375 0.0345703125 0.0171875
8 0.4015625 0.40234375 0.021484375 0.0171875
8 0.54453125 0.40234375 0.0359375 0.0173828125
8 0.67265625 0.40234375 0.0201171875 0.0173828125
26 0.275 0.14375 0.0685546875 0.0125
1 0.275 0.14375 0.0908203125 0.0220703125
6 0.525 0.09296875 0.596875 0.1732421875
11 0.18203125 0.42265625 0.1265625 0.1580078125
11 0.3171875 0.42109375 0.125 0.1578125
11 0.4546875 0.42109375 0.122265625 0.159375
11 0.58984375 0.42109375 0.1236328125 0.1580078125
11 0.72421875 0.4203125 0.121875 0.1564453125
11 0.86015625 0.4203125 0.1234375 0.158984375
15 0.48984375 0.57890625 0.4736328125 0.0673828125
23 0.1265625 0.57734375 0.0185546875 0.0138671875
26 0.1625 0.578125 0.05 0.0123046875
1 0.16328125 0.578125 0.1013671875 0.025
1 0.82421875 0.578125 0.1232421875 0.025390625
1 0.87421875 0.578125 0.0234375 0.0248046875
23 0.8734375 0.57734375 0.016015625 0.0142578125
21 0.1546875 0.6453125 0.0623046875 0.015234375
1 0.2265625 0.6453125 0.0533203125 0.0158203125
25 0.1609375 0.7546875 0.09375 0.0970703125
25 0.26484375 0.7546875 0.0951171875 0.0966796875
25 0.36875 0.7546875 0.09375 0.0970703125
25 0.4734375 0.75390625 0.0966796875 0.0953125
25 0.5765625 0.7546875 0.0939453125 0.097265625
25 0.68125 0.75390625 0.0935546875 0.0955078125
25 0.26484375 0.940625 0.3017578125 0.115625
25 0.57734375 0.94140625 0.303125 0.1142578125
6 0.834375 0.8375 0.1904296875 0.324609375
20 0.52109375 0.27421875 0.9578125 0.1234375