27 0.1625 0.034375 0.062109375 0.025
28 0.43671875 0.0671875 0.6388671875 0.0125
28 0.21640625 0.00625 0.4328125 0.0125
30 0.34453125 0.034375 0.16875 0.012109375
23 0.62890625 0.034375 0.01875 0.0158203125
1 0.62890625 0.034375 0.0576171875 0.0216796875
2 0.4546875 0.03359375 0.40625 0.0232421875
26 0.76015625 0.03515625 0.0267578125 0.009375
1 0.7609375 0.034375 0.053125 0.01875
23 0.8125 0.03515625 0.0185546875 0.01875
23 0.84453125 0.0359375 0.01875 0.0154296875
26 0.86875 0.03671875 0.019140625 0.0107421875
1 0.85625 0.03671875 0.044140625 0.01875
23 0.0171875 0.00625 0.009765625 0.009375
20 0.496875 0.04140625 0.9935546875 0.0826171875
15 0.47265625 0.125 0.7201171875 0.0470703125
28 0.8671875 0.125 0.0341796875 0.043359375
23 0.87421875 0.12265625 0.009375 0.0138671875
23 0.859375 0.12265625 0.009375 0.0138671875
17 0.86796875 0.12265625 0.0044921875 0.0388671875
23 0.8671875 0.1609375 0.0154296875 0.0126953125
1 0.86796875 0.16015625 0.025 0.0203125
2 0.7875 0.1609375 0.1875 0.0216796875
30 0.7265625 0.1609375 0.0533203125 0.0123046875
23 0.8765625 0.18828125 0.0125 0.0109375
1 0.85625 0.1890625 0.056640625 0.0125
26 0.7875 0.328125 0.030859375 0.0123046875
1 0.7875 0.32734375 0.0876953125 0.0232421875
25 0.29609375 0.25 0.3548828125 0.1998046875
25 0.5171875 0.18046875 0.0591796875 0.059375
25 0.51640625 0.24921875 0.0607421875 0.0607421875
25 0.51796875 0.3203125 0.0609375 0.0595703125
38 0.465625 0.4046875 0.131640625 0.0751953125
38 0.603125 0.40546875 0.1314453125 0.075
25 0.1484375 0.57421875 0.059375 0.0607421875
25 0.33125 0.57421875 0.0595703125 0.059375
25 0.51484375 0.57421875 0.059375 0.0609375
25 0.18671875 0.69375 0.1375 0.1216796875
25 0.1875 0.8328125 0.1375 0.121875
25 0.1875 0.9515625 0.1375 0.0779296875
15 0.7890625 0.4578125 0.1935546875 0.153515625
15 0.7890625 0.640625 0.190625 0.156640625
15 0.7890625 0.8234375 0.191015625 0.1564453125
15 0.7890625 0.9640625 0.196484375 0.0716796875
13 0.3953125 0.809375 0.5625 0.3689453125
23 0.65703125 0.65078125 0.0138671875 0.0232421875
23 0.65703125 0.7921875 0.0140625 0.025
23 0.65703125 0.93203125 0.0173828125 0.0232421875