27 0.23671875 0.03828125 0.0888671875 0.0294921875
28 0.31796875 0.0109375 0.2451171875 0.0216796875
28 0.42578125 0.071875 0.4701171875 0.025
18 0.7765625 0.07109375 0.066015625 0.021875
30 0.2578125 0.103125 0.125 0.0125
23 0.37578125 0.10390625 0.0109375 0.015625
26 0.3984375 0.10390625 0.033984375 0.0109375
2 0.3046875 0.10390625 0.227734375 0.0205078125
15 0.4 0.246875 0.424609375 0.0216796875
6 0.715625 0.38671875 0.193359375 0.1576171875
6 0.715625 0.5390625 0.187890625 0.140234375
15 0.40234375 0.40703125 0.4140625 0.1142578125
15 0.39921875 0.728125 0.4046875 0.0935546875
6 0.715625 0.64921875 0.187109375 0.0763671875