31 0.5 0.921875 1 0.1408203125
20 0.5 0.02421875 0.999609375 0.0484375
27 0.10859375 0.01171875 0.0203125 0.0201171875
1 0.471875 0.0125 0.0533203125 0.0126953125
1 0.55390625 0.0125 0.1017578125 0.0125
1 0.6234375 0.01328125 0.028515625 0.0138671875
30 0.66640625 0.0125 0.0361328125 0.012109375
2 0.68984375 0.01171875 0.09375 0.01875
26 0.7609375 0.0125 0.034375 0.009375
2 0.784375 0.0125 0.09375 0.0158203125
26 0.859375 0.01171875 0.021875 0.0107421875
1 0.859375 0.0125 0.0501953125 0.0158203125
23 0.89375 0.0125 0.012890625 0.0154296875