27 0.24921875 0.0171875 0.0705078125 0.0283203125
20 0.5 0.04375 1 0.087109375
15 0.459375 0.178125 0.4970703125 0.06875
28 0.4515625 0.04375 0.484765625 0.018359375
25 0.45703125 0.32890625 0.4859375 0.2080078125
23 0.47109375 0.0171875 0.015625 0.0158203125
23 0.48984375 0.0171875 0.0142578125 0.015234375
23 0.5078125 0.01640625 0.0154296875 0.0142578125
23 0.52578125 0.0171875 0.0140625 0.015234375
23 0.54453125 0.0171875 0.0140625 0.0154296875
23 0.65234375 0.01640625 0.0125 0.0107421875
30 0.57578125 0.01640625 0.0203125 0.0076171875
2 0.61015625 0.01640625 0.0986328125 0.0138671875
23 0.7 0.04296875 0.006640625 0.0111328125
23 0.6796875 0.015625 0.0095703125 0.0095703125
26 0.69453125 0.0171875 0.0173828125 0.008984375
1 0.68828125 0.01640625 0.0375 0.0140625
7 0.5 0.07421875 0.9998046875 0.0265625
36 0.41640625 0.46015625 0.4017578125 0.0203125
14 0.453125 0.484375 0.480859375 0.019140625