27 0.0953125 0.034375 0.0623046875 0.0595703125
28 0.45078125 0.0203125 0.6203125 0.0185546875
1 0.8671875 0.0171875 0.033984375 0.01875
1 0.91171875 0.0171875 0.0482421875 0.01875
15 0.79453125 0.05 0.2703125 0.0158203125
6 0.5 0.1515625 0.6060546875 0.158984375
26 0.32109375 0.209375 0.0861328125 0.0154296875
1 0.32109375 0.21015625 0.1142578125 0.025
28 0.28125 0.05078125 0.281640625 0.015625
6 0.15859375 0.34453125 0.1875 0.1513671875
6 0.8421875 0.58515625 0.1873046875 0.371875
6 0.84296875 0.84140625 0.1875 0.1142578125
38 0.11640625 0.48125 0.084375 0.0470703125
38 0.1171875 0.546875 0.083984375 0.046875
38 0.1171875 0.61328125 0.084375 0.046875
38 0.1171875 0.7 0.0814453125 0.046875
38 0.11640625 0.78515625 0.084375 0.046875
38 0.1171875 0.8609375 0.0841796875 0.0470703125
38 0.1171875 0.92890625 0.0841796875 0.0482421875
8 0.09296875 0.46484375 0.034375 0.0111328125
22 0.5 0.36796875 0.480859375 0.2
36 0.4921875 0.49921875 0.4341796875 0.05
25 0.38359375 0.609375 0.2173828125 0.124609375
25 0.615625 0.609375 0.2158203125 0.1248046875
25 0.384375 0.78359375 0.2158203125 0.1234375
25 0.61640625 0.78359375 0.2169921875 0.1232421875
20 0.5 0.0328125 1 0.0654296875