27 0.23203125 0.02109375 0.1486328125 0.0361328125
23 0.74140625 0.02109375 0.025 0.025
23 0.78671875 0.01953125 0.0330078125 0.0298828125
8 0.7953125 0.01328125 0.016015625 0.0171875
23 0.82578125 0.02109375 0.0234375 0.0236328125
28 0.8265625 0.02109375 0.025 0.0263671875
28 0.31171875 0.06171875 0.3080078125 0.0232421875
7 0.4984375 0.0890625 0.696875 0.034375
35 0.2203125 0.12421875 0.0591796875 0.0205078125
35 0.27734375 0.12421875 0.05 0.0205078125
35 0.3421875 0.12421875 0.0720703125 0.0201171875
35 0.40859375 0.12421875 0.0517578125 0.0201171875
35 0.4578125 0.1234375 0.0375 0.0189453125
1 0.5296875 0.1234375 0.096875 0.021484375
6 0.5 0.20078125 0.6966796875 0.1173828125
21 0.253125 0.27421875 0.1935546875 0.0171875
1 0.3296875 0.67890625 0.3375 0.0357421875
1 0.6703125 0.67890625 0.3373046875 0.0357421875
26 0.325 0.6796875 0.0564453125 0.0126953125
26 0.6703125 0.67890625 0.0689453125 0.0140625
1 0.5015625 0.9265625 0.66875 0.033984375
26 0.5 0.92578125 0.119140625 0.015625
1 0.8171875 0.98359375 0.0439453125 0.0263671875
26 0.8171875 0.98359375 0.0216796875 0.0111328125
20 0.5015625 0.03671875 0.696484375 0.0734375