27 0.23359375 0.01171875 0.1078125 0.0234375
18 0.71171875 0.01484375 0.0296875 0.0111328125
26 0.7734375 0.015625 0.0654296875 0.012109375
1 0.7734375 0.01484375 0.084375 0.0232421875
28 0.39453125 0.040625 0.41875 0.01875
18 0.80390625 0.03984375 0.0203125 0.0109375
1 0.76328125 0.03984375 0.0455078125 0.0138671875
30 0.3625 0.01484375 0.069140625 0.0107421875
18 0.5734375 0.0140625 0.01875 0.0123046875
23 0.6015625 0.0140625 0.0123046875 0.0123046875
2 0.4671875 0.01484375 0.3 0.021875
18 0.30078125 0.01484375 0.021875 0.0171875
18 0.6421875 0.01484375 0.033984375 0.0171875
20 0.5 0.025 0.6689453125 0.0498046875
6 0.5 0.06015625 0.6689453125 0.0205078125
36 0.35703125 0.08671875 0.14375 0.0169921875
28 0.21328125 0.40625 0.0548828125 0.4158203125
25 0.35078125 0.15859375 0.1298828125 0.0736328125
21 0.35703125 0.24921875 0.1484375 0.0138671875
1 0.4609375 0.24921875 0.05625 0.0169921875
1 0.53125 0.24921875 0.08125 0.015625
1 0.71328125 0.2984375 0.0515625 0.0189453125
1 0.77734375 0.29765625 0.0607421875 0.0203125
31 0.5421875 0.62578125 0.9154296875 0.0201171875
25 0.54921875 0.2875 0.5294921875 0.055859375
2 0.23046875 0.1875 0.0892578125 0.0158203125