27 0.29453125 0.0359375 0.0580078125 0.0154296875
28 0.62421875 0.03515625 0.2361328125 0.0296875
26 0.715625 0.01015625 0.0310546875 0.00625
28 0.5890625 0.01015625 0.18125 0.0080078125
28 0.31875 0.0109375 0.109375 0.0126953125
7 0.5 0.06484375 1 0.028125
22 0.50390625 0.19609375 0.8125 0.2392578125
23 0.64921875 0.3421875 0.0078125 0.008984375
26 0.690625 0.3421875 0.0685546875 0.009375
1 0.684375 0.34140625 0.1 0.0201171875
34 0.27890625 0.31875 0.0451171875 0.0810546875
18 0.359375 0.30390625 0.1 0.0173828125
18 0.4671875 0.30546875 0.097265625 0.0173828125
18 0.57578125 0.3046875 0.1 0.0189453125
18 0.684375 0.3046875 0.1 0.0189453125
18 0.46796875 0.34140625 0.1013671875 0.01875
18 0.5765625 0.340625 0.1 0.01875
1 0.640625 0.371875 0.050390625 0.0095703125
1 0.7078125 0.37265625 0.053515625 0.0107421875
1 0.30625 0.45 0.0814453125 0.01875
1 0.53984375 0.44921875 0.0625 0.0203125
36 0.68125 0.16796875 0.0748046875 0.04375
1 0.359375 0.34140625 0.1 0.01875
30 0.43671875 0.30546875 0.0265625 0.0107421875
30 0.54453125 0.3046875 0.0263671875 0.0095703125
30 0.653125 0.30546875 0.0251953125 0.009375
30 0.54453125 0.34140625 0.0267578125 0.0080078125
30 0.43671875 0.34140625 0.0265625 0.009375
25 0.378125 0.56171875 0.2251953125 0.10625
25 0.5359375 0.53515625 0.0716796875 0.053125
25 0.53515625 0.59296875 0.0703125 0.0517578125