27 0.35859375 0.0359375 0.1359375 0.0373046875
28 0.66875 0.03515625 0.0783203125 0.0263671875
7 0.50234375 0.12109375 0.4625 0.1017578125
6 0.5 0.2796875 0.462890625 0.2251953125
20 0.5 0.0359375 0.465625 0.0716796875
34 0.50078125 0.440625 0.4232421875 0.04375
26 0.315625 0.48359375 0.050390625 0.0201171875
26 0.5375 0.484375 0.055859375 0.0216796875
26 0.353125 0.565625 0.1283203125 0.0189453125
26 0.56171875 0.56328125 0.1017578125 0.0201171875
26 0.33515625 0.64453125 0.0923828125 0.0173828125
26 0.32265625 0.72890625 0.0640625 0.0173828125
26 0.55703125 0.728125 0.0955078125 0.021875
8 0.40703125 0.64609375 0.0423828125 0.028125
18 0.39140625 0.52109375 0.1984375 0.04375
18 0.6109375 0.52109375 0.197265625 0.0451171875
18 0.6109375 0.6015625 0.202734375 0.047265625
18 0.38984375 0.6015625 0.1986328125 0.046484375
18 0.38984375 0.76640625 0.2015625 0.0423828125
1 0.5 0.68359375 0.4216796875 0.0451171875
30 0.5546875 0.765625 0.0623046875 0.0185546875
2 0.61015625 0.76640625 0.1986328125 0.0421875