27 0.5 0.05703125 0.18125 0.0611328125
25 0.278125 0.22734375 0.362109375 0.1892578125
25 0.80703125 0.43125 0.1859375 0.1875
25 0.80546875 0.5953125 0.1921875 0.0935546875
25 0.60234375 0.59609375 0.1888671875 0.0923828125
25 0.396875 0.596875 0.1875 0.0908203125
25 0.1953125 0.628125 0.1873046875 0.15625
25 0.603125 0.85859375 0.1904296875 0.0955078125
25 0.80625 0.85859375 0.1904296875 0.0923828125
23 0.98046875 0.82734375 0.028125 0.0330078125
21 0.515625 0.39609375 0.3751953125 0.0875
6 0.5 0.22890625 0.800390625 0.1919921875
6 0.046875 0.32109375 0.09375 0.3796875
28 0.5234375 0.1046875 0.8779296875 0.021484375
23 0.91953125 0.01171875 0.021875 0.0142578125
21 0.4015625 0.68046875 0.191015625 0.0390625
21 0.60859375 0.6796875 0.1875 0.041015625
21 0.8203125 0.6796875 0.1748046875 0.046484375
20 0.5 0.06171875 1 0.1234375
14 0.51171875 0.4671875 0.3826171875 0.0529296875
21 0.84921875 0.7734375 0.1265625 0.0283203125