27 0.19609375 0.025 0.0734375 0.0283203125
28 0.16484375 0.06171875 0.0203125 0.0173828125
28 0.3984375 0.0640625 0.415234375 0.0158203125
30 0.38203125 0.025 0.09375 0.012890625
1 0.64296875 0.02421875 0.0267578125 0.0267578125
1 0.7984375 0.02578125 0.090625 0.0263671875
2 0.49296875 0.02578125 0.3328125 0.0298828125
20 0.49921875 0.0375 0.6953125 0.075
6 0.50078125 0.1640625 0.6875 0.178125
6 0.734375 0.440625 0.215625 0.180859375
6 0.4984375 0.928125 0.216015625 0.14375
25 0.19375 0.37109375 0.06875 0.0419921875
25 0.19453125 0.4140625 0.071875 0.040625
25 0.19375 0.45859375 0.068359375 0.040625
25 0.19453125 0.5015625 0.0671875 0.040234375
25 0.19375 0.54453125 0.0685546875 0.0390625
22 0.41953125 0.4578125 0.3763671875 0.2154296875
8 0.2625 0.50078125 0.046875 0.0142578125
36 0.409375 0.534375 0.343359375 0.0435546875
2 0.4296875 0.29609375 0.1345703125 0.0298828125
2 0.578125 0.29609375 0.137109375 0.0294921875
26 0.40546875 0.31875 0.0875 0.012109375
23 0.3390625 0.29609375 0.021875 0.0203125
23 0.2546875 0.29609375 0.027734375 0.0201171875
23 0.62734375 0.29609375 0.015625 0.0107421875
1 0.5515625 0.31875 0.083984375 0.0095703125
1 0.68515625 0.29609375 0.053125 0.0298828125
23 0.73359375 0.29609375 0.0236328125 0.0205078125
8 0.1875 0.721875 0.0564453125 0.0185546875
25 0.2671875 0.64609375 0.2126953125 0.1234375
25 0.73359375 0.6453125 0.2125 0.122265625
8 0.409375 0.7703125 0.03125 0.015234375
28 0.52265625 0.8390625 0.2607421875 0.0216796875
25 0.265625 0.9203125 0.2123046875 0.121484375
25 0.73359375 0.9203125 0.2138671875 0.121484375