27 0.20390625 0.01875 0.0576171875 0.0216796875
2 0.49453125 0.0171875 0.3078125 0.0216796875
30 0.3796875 0.0171875 0.065234375 0.0126953125
1 0.63828125 0.0171875 0.0203125 0.021484375
1 0.790625 0.01796875 0.0623046875 0.0173828125
28 0.41328125 0.04375 0.4705078125 0.0123046875
20 0.4984375 0.0265625 0.671484375 0.053125
6 0.5 0.1140625 0.48125 0.125
1 0.6671875 0.2109375 0.0375 0.021484375
37 0.72890625 0.2109375 0.0765625 0.027734375
2 0.4203125 0.2109375 0.140625 0.021484375
2 0.56875 0.21171875 0.140625 0.021875
22 0.3609375 0.328125 0.2654296875 0.1501953125
6 0.74609375 0.315625 0.1486328125 0.1251953125
15 0.58359375 0.4234375 0.15625 0.3466796875
38 0.25390625 0.4625 0.1513671875 0.0873046875
25 0.203125 0.2671875 0.0470703125 0.0283203125
25 0.203125 0.29765625 0.049609375 0.0294921875
25 0.20234375 0.328125 0.0482421875 0.028125
25 0.203125 0.35859375 0.0470703125 0.028125
25 0.20234375 0.38828125 0.0482421875 0.028125