27 0.5046875 0.1578125 0.253515625 0.1029296875
1 0.8484375 0.01875 0.03125 0.019140625
1 0.87734375 0.01796875 0.0232421875 0.01875
23 0.90859375 0.01953125 0.0203125 0.0201171875
1 0.95859375 0.01875 0.065625 0.0251953125
26 0.959375 0.01796875 0.034375 0.0142578125
26 0.5 0.25 0.3685546875 0.0345703125
1 0.47421875 0.2921875 0.0703125 0.0251953125
1 0.540625 0.2921875 0.0498046875 0.0220703125
19 0.5 0.96875 1 0.0625
1 0.5875 0.328125 0.0345703125 0.0123046875
1 0.51484375 0.32734375 0.0236328125 0.0140625
1 0.5484375 0.328125 0.040625 0.018359375
23 0.33359375 0.2484375 0.0171875 0.0185546875