27 0.49765625 0.1578125 0.2390625 0.0810546875
23 0.3328125 0.24921875 0.009765625 0.0111328125
23 0.6390625 0.24921875 0.009765625 0.0140625
23 0.66484375 0.24921875 0.015625 0.0140625
2 0.49921875 0.25 0.365625 0.0314453125
26 0.47265625 0.29296875 0.0513671875 0.0138671875
26 0.5375 0.29296875 0.030859375 0.0138671875
1 0.471875 0.2921875 0.0689453125 0.022265625
1 0.53828125 0.29296875 0.0455078125 0.021875
1 0.51328125 0.328125 0.0671875 0.012109375
1 0.57109375 0.328125 0.0388671875 0.0123046875
1 0.609375 0.328125 0.028125 0.0095703125
1 0.8484375 0.01796875 0.022265625 0.0107421875
1 0.87578125 0.01875 0.01875 0.012109375
26 0.9578125 0.01875 0.0216796875 0.012109375
1 0.959375 0.01875 0.0595703125 0.0248046875
23 0.90859375 0.01875 0.0125 0.0154296875
20 0.49921875 0.0171875 0.9984375 0.034375
19 0.5 0.96640625 1 0.0671875