27 0.5 0.15859375 0.246875 0.0923828125
28 0.86171875 0.01875 0.053125 0.0185546875
23 0.909375 0.01875 0.0154296875 0.01875
26 0.959375 0.01875 0.019140625 0.0125
1 0.95859375 0.01875 0.0609375 0.024609375
26 0.47265625 0.29375 0.0513671875 0.0125
26 0.5375 0.29296875 0.0283203125 0.0109375
23 0.3328125 0.24921875 0.009765625 0.0125
23 0.6390625 0.24921875 0.0095703125 0.0142578125
23 0.66484375 0.24921875 0.0142578125 0.0142578125
2 0.49921875 0.24921875 0.3671875 0.0296875
1 0.47265625 0.29296875 0.0703125 0.0232421875
1 0.5390625 0.2921875 0.0470703125 0.0220703125
19 0.5 0.9671875 0.9998046875 0.0654296875