31 0.49765625 0.0421875 0.9953125 0.084375
27 0.071875 0.11484375 0.1064453125 0.0328125
12 0.4984375 0.2859375 0.69375 0.2095703125
29 0.5 0.3765625 0.0654296875 0.0158203125
1 0.25 0.359375 0.1060546875 0.037109375
6 0.8984375 0.3796875 0.0751953125 0.3783203125
28 0.496875 0.15234375 0.9935546875 0.0201171875
18 0.2140625 0.1140625 0.1373046875 0.0279296875
30 0.3421875 0.11328125 0.1029296875 0.0142578125
1 0.728125 0.11484375 0.037890625 0.0267578125
2 0.4421875 0.1140625 0.3185546875 0.028515625
1 0.796875 0.11484375 0.0345703125 0.0138671875
1 0.8421875 0.11484375 0.0279296875 0.0111328125
1 0.93203125 0.1140625 0.0796875 0.0158203125
21 0.203125 0.4859375 0.1 0.01875
1 0.3015625 0.4875 0.059765625 0.0126953125
11 0.196875 0.56796875 0.0845703125 0.1236328125
11 0.284375 0.56875 0.0814453125 0.124609375
11 0.3703125 0.56796875 0.0814453125 0.1234375
11 0.4578125 0.56875 0.08125 0.124609375
11 0.54375 0.56796875 0.081640625 0.1232421875
11 0.63125 0.56796875 0.081640625 0.121875
12 0.575 0.7359375 0.5470703125 0.1689453125
12 0.5734375 0.92109375 0.5529296875 0.1578125
20 0.49765625 0.12421875 0.9953125 0.0798828125