27 0.50078125 0.07265625 0.1701171875 0.0548828125
20 0.49609375 0.06796875 0.9921875 0.1359375
28 0.5015625 0.12421875 0.4498046875 0.021875
7 0.496875 0.01640625 0.9935546875 0.0328125
28 0.59296875 0.16796875 0.5767578125 0.0173828125
21 0.76796875 0.23125 0.2203125 0.0685546875
21 0.19921875 0.465625 0.1486328125 0.053125
21 0.5875 0.46796875 0.14375 0.0546875
14 0.771875 0.2890625 0.218359375 0.0404296875
31 0.5 0.91484375 1 0.1703125
1 0.49375 0.978125 0.081640625 0.031640625
29 0.15546875 0.86796875 0.0578125 0.0205078125
23 0.0171875 0.92578125 0.015234375 0.0171875
25 0.5 0.31015625 0.290625 0.2263671875
25 0.3859375 0.50234375 0.208984375 0.1234375
25 0.771875 0.50078125 0.209375 0.125
25 0.78828125 0.63125 0.1763671875 0.1001953125
25 0.596875 0.63203125 0.1751953125 0.1048828125
25 0.403125 0.63046875 0.175 0.1017578125
25 0.2109375 0.6296875 0.175 0.1033203125