27 0.29375 0.01328125 0.115625 0.0265625
6 0.5 0.1015625 0.4841796875 0.1251953125
6 0.19296875 0.31328125 0.08125 0.3013671875
6 0.68828125 0.325 0.1486328125 0.2998046875
31 0.50234375 0.6125 0.5375 0.046875
25 0.6796875 0.52890625 0.1685546875 0.0830078125
22 0.41953125 0.27734375 0.3625 0.2076171875
25 0.28125 0.45 0.0876953125 0.05
25 0.46796875 0.45078125 0.0888671875 0.0515625
25 0.32109375 0.52890625 0.1671875 0.0857421875
6 0.50078125 0.53671875 0.1486328125 0.1
26 0.64375 0.609375 0.075 0.0123046875
1 0.64375 0.609375 0.0841796875 0.0216796875
28 0.5015625 0.01171875 0.284375 0.0125
30 0.6796875 0.0125 0.0283203125 0.006640625
1 0.70390625 0.0125 0.0111328125 0.0125
2 0.68515625 0.0125 0.05 0.012890625
26 0.7359375 0.01328125 0.025 0.0080078125
23 0.75390625 0.01328125 0.00625 0.009375
1 0.7390625 0.01328125 0.0435546875 0.015625
20 0.5 0.01328125 1 0.0265625