27 0.24296875 0.01640625 0.14375 0.03125
29 0.39921875 0.48984375 0.4580078125 0.0236328125
28 0.50234375 0.015625 0.3576171875 0.021875
2 0.73359375 0.01640625 0.0638671875 0.0169921875
30 0.72578125 0.015625 0.0361328125 0.0095703125
1 0.75703125 0.015625 0.0142578125 0.015625
1 0.80078125 0.0171875 0.0546875 0.0189453125
26 0.796875 0.0171875 0.0341796875 0.0091796875
12 0.3984375 0.34921875 0.458984375 0.2578125
36 0.38046875 0.43125 0.38125 0.0654296875
15 0.3984375 0.515625 0.4591796875 0.018359375
11 0.28203125 0.56640625 0.2236328125 0.0638671875
11 0.51484375 0.56640625 0.2232421875 0.0640625
31 0.5015625 0.97109375 0.6748046875 0.0578125
14 0.38515625 0.9703125 0.4361328125 0.028125
26 0.68046875 0.96953125 0.0921875 0.0111328125
26 0.7875 0.9703125 0.0814453125 0.0125
1 0.68046875 0.9703125 0.103125 0.0248046875
1 0.78671875 0.9703125 0.0923828125 0.0248046875
20 0.49609375 0.01640625 0.9921875 0.0326171875