27 0.234375 0.046875 0.062890625 0.0251953125
7 0.5 0.0109375 1 0.021875
28 0.5015625 0.134375 0.5814453125 0.012890625
28 0.51171875 0.0453125 0.4857421875 0.0279296875
28 0.50234375 0.19296875 0.5826171875 0.0861328125
27 0.3125 0.0765625 0.0685546875 0.0279296875
18 0.371875 0.0765625 0.021875 0.0091796875
30 0.4359375 0.0765625 0.102734375 0.0126953125
8 0.61328125 0.07578125 0.0107421875 0.0109375
1 0.65234375 0.07578125 0.0546875 0.0234375
2 0.5171875 0.07578125 0.3279296875 0.0234375
28 0.521875 0.10234375 0.321875 0.0234375
34 0.546875 0.28671875 0.394140625 0.0232421875
6 0.27421875 0.3359375 0.1392578125 0.1158203125
6 0.5 0.2609375 0.593359375 0.0248046875
7 0.50078125 0.62421875 0.9984375 0.021875
20 0.5 0.0703125 1 0.09375