27 0.07578125 0.01796875 0.0736328125 0.025
28 0.021875 0.01796875 0.0251953125 0.0205078125
28 0.5015625 0.01875 0.3560546875 0.018359375
23 0.9234375 0.01796875 0.0185546875 0.0203125
1 0.9640625 0.0171875 0.0501953125 0.0251953125
20 0.496875 0.034375 0.99375 0.06875
1 0.9796875 0.05078125 0.0248046875 0.025
25 0.2015625 0.93515625 0.178125 0.1263671875
25 0.3859375 0.9359375 0.177734375 0.125
25 0.57109375 0.9359375 0.1763671875 0.127734375
29 0.31796875 0.78671875 0.4017578125 0.03125
23 0.86953125 0.85859375 0.0232421875 0.021875
25 0.8578125 0.9046875 0.0408203125 0.0439453125
25 0.85859375 0.95546875 0.0419921875 0.0419921875
25 0.59296875 0.49765625 0.128125 0.0671875
25 0.59375 0.634375 0.128125 0.065625
25 0.59296875 0.76953125 0.1296875 0.065625
25 0.7765625 0.5265625 0.2158203125 0.1216796875
25 0.77578125 0.71328125 0.2171875 0.1234375