27 0.50078125 0.01796875 0.0890625 0.028125
28 0.49921875 0.06796875 0.2611328125 0.01875
28 0.15390625 0.1015625 0.0673828125 0.01875
1 0.25390625 0.10234375 0.0701171875 0.0205078125
30 0.34375 0.1015625 0.0625 0.015234375
23 0.653125 0.1015625 0.0189453125 0.0185546875
23 0.68203125 0.1015625 0.01875 0.016015625
1 0.74921875 0.1 0.0673828125 0.01875
1 0.846875 0.1015625 0.0625 0.0216796875
2 0.49921875 0.1 0.3919921875 0.0283203125
28 0.5 0.1375 0.796875 0.0341796875
20 0.5 0.0765625 1 0.153125
22 0.5 0.26328125 0.8 0.2205078125
26 0.5140625 0.3515625 0.140234375 0.015625
1 0.51484375 0.3515625 0.1736328125 0.0248046875
21 0.1796875 0.4 0.141015625 0.0185546875
23 0.253125 0.43046875 0.021875 0.0232421875
8 0.13359375 0.43359375 0.0330078125 0.0173828125
23 0.40546875 0.4296875 0.0201171875 0.0216796875
26 0.5640625 0.6578125 0.046875 0.009765625
1 0.5640625 0.6578125 0.075 0.021875
21 0.3171875 0.65703125 0.396484375 0.0205078125
12 0.50390625 0.50546875 0.7984375 0.1921875
12 0.50625 0.78203125 0.775390625 0.1986328125