27 0.1125 0.02109375 0.093359375 0.0361328125
28 0.4984375 0.05390625 0.859765625 0.0203125
28 0.4953125 0.07890625 0.859375 0.0203125
6 0.49921875 0.12890625 0.875 0.0830078125
12 0.2125 0.309375 0.303125 0.1689453125
25 0.1171875 0.90234375 0.1125 0.0642578125
25 0.440625 0.90234375 0.112109375 0.065625
25 0.8234375 0.934375 0.225 0.1251953125
21 0.08984375 0.42578125 0.0638671875 0.0294921875
21 0.0859375 0.84765625 0.065234375 0.0361328125
21 0.41171875 0.846875 0.0576171875 0.0310546875
21 0.4 0.2359375 0.0345703125 0.028515625
21 0.7390625 0.234375 0.053515625 0.0283203125
21 0.73046875 0.84921875 0.0451171875 0.0326171875
20 0.496875 0.034375 0.9935546875 0.0685546875
14 0.19296875 0.5140625 0.2701171875 0.0875
14 0.190625 0.62109375 0.2625 0.0669921875
14 0.1890625 0.71484375 0.2595703125 0.0671875