20 0.5015625 0.0234375 0.69375 0.046875
23 0.190625 0.0234375 0.019140625 0.015625
28 0.190625 0.02421875 0.021875 0.0173828125
27 0.2453125 0.0234375 0.05625 0.03125
2 0.48671875 0.02421875 0.415625 0.0298828125
18 0.3 0.0234375 0.0435546875 0.027734375
2 0.4859375 0.0234375 0.4158203125 0.0283203125
30 0.36328125 0.0234375 0.0701171875 0.0125
23 0.675 0.02421875 0.0158203125 0.0169921875
26 0.746875 0.02421875 0.043359375 0.0125
18 0.80859375 0.02265625 0.03125 0.0138671875
17 0.70703125 0.0234375 0.00625 0.028515625
28 0.18203125 0.2140625 0.0419921875 0.0560546875
28 0.8203125 0.21484375 0.0435546875 0.0578125
12 0.5 0.23125 0.694140625 0.3658203125
25 0.22890625 0.41328125 0.1142578125 0.16875
21 0.26953125 0.58984375 0.1955078125 0.0296875
25 0.2484375 0.7109375 0.1501953125 0.171484375
25 0.40234375 0.71171875 0.15 0.1705078125
25 0.5609375 0.7109375 0.15 0.1689453125
25 0.7125 0.71328125 0.1498046875 0.1736328125
23 0.19375 0.77578125 0.0251953125 0.0265625
35 0.2328125 0.77578125 0.041015625 0.0140625
35 0.53515625 0.77578125 0.0234375 0.0140625
23 0.50546875 0.7765625 0.0232421875 0.016015625
23 0.8171875 0.7765625 0.0248046875 0.0158203125
14 0.28203125 0.81796875 0.21875 0.0171875
14 0.61796875 0.82734375 0.26875 0.0359375
1 0.2359375 0.52265625 0.1345703125 0.0203125