20 0.50078125 0.0328125 0.4625 0.0626953125
28 0.3078125 0.0328125 0.028125 0.025
27 0.384375 0.0328125 0.0751953125 0.040234375
23 0.5328125 0.03203125 0.022265625 0.025
1 0.60703125 0.0328125 0.0580078125 0.021875
18 0.69453125 0.03125 0.0486328125 0.0220703125
22 0.49921875 0.28828125 0.4625 0.4455078125
21 0.38203125 0.54375 0.1953125 0.031640625
25 0.38359375 0.69375 0.1921875 0.219140625
25 0.58046875 0.69453125 0.1919921875 0.2203125
14 0.4390625 0.83359375 0.309375 0.0232421875
23 0.31796875 0.7734375 0.0390625 0.040234375
26 0.37265625 0.77421875 0.05625 0.0234375