27 0.20390625 0.0140625 0.03125 0.0185546875
28 0.2484375 0.0140625 0.0341796875 0.0123046875
18 0.28828125 0.0140625 0.0263671875 0.016015625
23 0.6203125 0.01484375 0.0095703125 0.0109375
2 0.453125 0.0140625 0.3560546875 0.0185546875
30 0.3265625 0.0125 0.0466796875 0.009375
30 0.79921875 0.01328125 0.0232421875 0.0109375
37 0.75390625 0.0484375 0.1138671875 0.0533203125
22 0.396875 0.1671875 0.421875 0.2720703125
28 0.1984375 0.13046875 0.022265625 0.03125
28 0.5953125 0.1296875 0.0251953125 0.0341796875
23 0.1984375 0.1296875 0.008984375 0.015625
23 0.59453125 0.1296875 0.0138671875 0.016015625
25 0.2421875 0.41875 0.097265625 0.112109375
25 0.3421875 0.41875 0.0970703125 0.112109375
25 0.45078125 0.41875 0.0982421875 0.1095703125
25 0.55 0.4203125 0.0970703125 0.1123046875
12 0.4015625 0.42734375 0.4216796875 0.1298828125
28 0.59765625 0.41171875 0.025 0.0330078125
23 0.41328125 0.4625 0.0142578125 0.0095703125
35 0.43125 0.46171875 0.012890625 0.0080078125
35 0.2296875 0.4625 0.022265625 0.006640625
23 0.20546875 0.46171875 0.0169921875 0.015625
1 0.66015625 0.2984375 0.0796875 0.0123046875
20 0.49609375 0.015625 0.6265625 0.03125