27 0.1875 0.0203125 0.0845703125 0.025
18 0.2609375 0.0203125 0.0435546875 0.0154296875
18 0.31953125 0.01953125 0.053125 0.0142578125
18 0.38515625 0.0203125 0.0580078125 0.0123046875
18 0.44921875 0.0203125 0.0576171875 0.0126953125
18 0.51640625 0.0203125 0.053125 0.0126953125
1 0.7140625 0.02109375 0.0935546875 0.0234375
18 0.8171875 0.021875 0.078125 0.0251953125
20 0.49609375 0.0203125 0.9921875 0.040625
34 0.50078125 0.14453125 0.2830078125 0.028125
18 0.2703125 0.1875 0.0470703125 0.0283203125
2 0.390625 0.18671875 0.190625 0.0298828125
18 0.521875 0.18671875 0.0685546875 0.0296875
18 0.60859375 0.1875 0.103125 0.0310546875
1 0.7078125 0.1875 0.0873046875 0.0314453125
18 0.43671875 0.21953125 0.1107421875 0.01875
18 0.6953125 0.2203125 0.115234375 0.0189453125
1 0.5109375 0.2640625 0.065234375 0.0220703125
1 0.60234375 0.26328125 0.0611328125 0.021875
1 0.50859375 0.30078125 0.0392578125 0.0125
1 0.60234375 0.30078125 0.0951171875 0.0109375
1 0.65625 0.45 0.1529296875 0.028125
21 0.6578125 0.3921875 0.297265625 0.033984375
36 0.5 0.07890625 0.155859375 0.0232421875
11 0.228125 0.6953125 0.1564453125 0.1875
11 0.3921875 0.69453125 0.15625 0.1890625
11 0.55390625 0.6953125 0.15625 0.190234375
21 0.4984375 0.55 0.1060546875 0.03125
1 0.80625 0.57734375 0.0904296875 0.0173828125
25 0.22734375 0.659375 0.1546875 0.1123046875
25 0.3921875 0.659375 0.1560546875 0.1126953125
25 0.5546875 0.6578125 0.153515625 0.1126953125
12 0.50234375 0.70625 0.7109375 0.2158203125