27 0.334375 0.053125 0.181640625 0.0314453125
28 0.51171875 0.11796875 0.6732421875 0.028125
23 0.7109375 0.02421875 0.016015625 0.01875
23 0.7109375 0.05625 0.0154296875 0.018359375
26 0.77734375 0.02421875 0.0986328125 0.0140625
26 0.78203125 0.05625 0.1125 0.012890625
26 0.77265625 0.08984375 0.071875 0.0138671875
1 0.775 0.0234375 0.1626953125 0.0310546875
1 0.775 0.05625 0.1625 0.030859375
1 0.775 0.0890625 0.1625 0.028515625
26 0.1921875 0.215625 0.0623046875 0.0154296875
1 0.19140625 0.215625 0.0732421875 0.021875
1 0.6625 0.25390625 0.030859375 0.0294921875
23 0.66328125 0.25390625 0.01875 0.0169921875
30 0.29453125 0.2546875 0.290625 0.0154296875
2 0.41015625 0.25390625 0.5330078125 0.0294921875
22 0.50078125 0.42578125 0.7142578125 0.24375
25 0.49921875 0.61875 0.7140625 0.094140625
25 0.5 0.74609375 0.7126953125 0.115625
20 0.49765625 0.065625 0.9953125 0.13125
25 0.49921875 0.87421875 0.7111328125 0.0955078125