27 0.503125 0.128125 0.21875 0.0748046875
18 0.50078125 0.0296875 0.0703125 0.0251953125
23 0.4 0.23828125 0.0189453125 0.021875
26 0.5171875 0.23828125 0.2064453125 0.025
17 0.40390625 0.2921875 0.1361328125 0.0123046875
17 0.6 0.2890625 0.1373046875 0.0123046875
17 0.46796875 0.35078125 0.2390625 0.0205078125
17 0.384375 0.4015625 0.06875 0.0189453125
1 0.5015625 0.23828125 0.321484375 0.0423828125
1 0.5921875 0.45234375 0.141015625 0.03125
1 0.5 0.50859375 0.3248046875 0.0375
1 0.5921875 0.578125 0.0626953125 0.031640625
14 0.465625 0.57890625 0.1810546875 0.028125
2 0.5015625 0.35 0.31875 0.0470703125
2 0.50078125 0.40234375 0.3201171875 0.046875