27 0.50234375 0.25 0.1669921875 0.0685546875
30 0.47890625 0.325 0.1732421875 0.0216796875
30 0.41953125 0.36015625 0.0517578125 0.0171875
26 0.50078125 0.4015625 0.0451171875 0.0185546875
1 0.5015625 0.4015625 0.227734375 0.0283203125
1 0.5 0.5046875 0.0904296875 0.021875
1 0.5671875 0.565625 0.0466796875 0.01875
1 0.5 0.65703125 0.11875 0.0361328125
2 0.5015625 0.32265625 0.2283203125 0.0361328125
2 0.5 0.36171875 0.230859375 0.0359375
23 0.43671875 0.4734375 0.0201171875 0.0189453125
1 0.51015625 0.4734375 0.1265625 0.01875
19 0.50078125 0.934375 0.7 0.130859375