19 0.5 0.596875 1 0.0751953125
1 0.5671875 0.415625 0.0689453125 0.024609375
1 0.63828125 0.41640625 0.06875 0.0205078125
11 0.60234375 0.240625 0.1734375 0.199609375
1 0.6421875 0.36171875 0.0279296875 0.0138671875
2 0.60234375 0.21953125 0.1328125 0.0201171875
2 0.60234375 0.2421875 0.1330078125 0.01875
30 0.5890625 0.2203125 0.0998046875 0.009375
30 0.55390625 0.2421875 0.0294921875 0.008984375
26 0.60234375 0.26640625 0.0234375 0.0080078125
1 0.60234375 0.26640625 0.1330078125 0.0169921875
1 0.60234375 0.30859375 0.0857421875 0.0111328125
1 0.60234375 0.3265625 0.0517578125 0.008984375
25 0.40546875 0.28359375 0.1875 0.2921875