27 0.25625 0.02421875 0.178125 0.0357421875
28 0.80703125 0.02421875 0.0330078125 0.0357421875
23 0.80859375 0.025 0.0482421875 0.0404296875
22 0.5 0.33203125 0.696875 0.5673828125
36 0.36875 0.22265625 0.394140625 0.1544921875
26 0.25703125 0.41484375 0.1138671875 0.0201171875
23 0.33046875 0.41484375 0.0201171875 0.0171875
1 0.26875 0.41328125 0.181640625 0.046875
23 0.2703125 0.5265625 0.0341796875 0.0375
1 0.26875 0.5265625 0.043359375 0.040625
1 0.4546875 0.54140625 0.1373046875 0.0234375
25 0.26875 0.52578125 0.1841796875 0.1046875
6 0.5 0.76015625 0.400390625 0.228125
21 0.28984375 0.96953125 0.21875 0.0234375
20 0.5 0.0234375 0.999609375 0.046484375