27 0.2421875 0.02578125 0.1876953125 0.0423828125
15 0.575 0.02578125 0.3654296875 0.0375
29 0.38515625 0.64140625 0.4607421875 0.0265625
29 0.73984375 0.4546875 0.2078125 0.0248046875
28 0.8375 0.06484375 0.0216796875 0.0171875
28 0.4765625 0.0640625 0.6470703125 0.016015625
20 0.496875 0.03984375 0.99375 0.0796875
25 0.2359375 0.14609375 0.159375 0.1015625
25 0.41328125 0.14609375 0.1576171875 0.0984375
25 0.5875 0.14609375 0.159375 0.1015625
25 0.7640625 0.1453125 0.1595703125 0.1001953125
11 0.234375 0.18203125 0.156640625 0.1736328125
11 0.41171875 0.1796875 0.15625 0.171484375
11 0.58828125 0.1828125 0.1576171875 0.171484375
11 0.765625 0.18046875 0.1591796875 0.1701171875
25 0.38515625 0.45546875 0.4609375 0.3455078125
25 0.23515625 0.7171875 0.1580078125 0.090625
25 0.41171875 0.715625 0.1578125 0.0904296875
25 0.58828125 0.71640625 0.1578125 0.090625
25 0.765625 0.7171875 0.156640625 0.0876953125
14 0.234375 0.79140625 0.1498046875 0.0548828125
14 0.40859375 0.796875 0.1388671875 0.062109375
36 0.3875 0.34765625 0.40625 0.1