27 0.16328125 0.0421875 0.0859375 0.059375
23 0.76171875 0.02578125 0.0125 0.0173828125
23 0.8640625 0.0578125 0.0185546875 0.0185546875
26 0.6640625 0.05703125 0.059375 0.0142578125
1 0.86328125 0.05625 0.028125 0.025390625
2 0.75078125 0.0578125 0.2546875 0.03125
18 0.1546875 0.10234375 0.0595703125 0.01875
18 0.2359375 0.1 0.0720703125 0.0185546875
28 0.33984375 0.10234375 0.440625 0.0267578125
17 0.5 0.0859375 1 0.008984375
24 0.165625 0.2 0.0591796875 0.0533203125
24 0.425 0.2 0.059375 0.05625
24 0.67890625 0.19921875 0.0544921875 0.05625
26 0.25234375 0.175 0.0798828125 0.0126953125
26 0.5203125 0.18046875 0.1033203125 0.0171875
26 0.7890625 0.17421875 0.1310546875 0.0296875
14 0.28125 0.21171875 0.137109375 0.0484375
14 0.5359375 0.21015625 0.1373046875 0.0298828125
14 0.78515625 0.21796875 0.1205078125 0.046875
21 0.19921875 0.36796875 0.1548828125 0.03125
23 0.51796875 0.34609375 0.0421875 0.05
23 0.6640625 0.34453125 0.047265625 0.0580078125
23 0.81171875 0.346875 0.065625 0.055859375
26 0.5203125 0.4078125 0.091015625 0.040234375
26 0.6671875 0.41015625 0.0720703125 0.046875
26 0.8109375 0.40546875 0.0810546875 0.0419921875
11 0.24609375 0.1984375 0.240625 0.1189453125
11 0.5 0.2 0.2435546875 0.1248046875
11 0.7546875 0.19921875 0.246484375 0.125
11 0.51953125 0.37421875 0.1357421875 0.153125
11 0.6640625 0.37578125 0.134375 0.1517578125
11 0.8109375 0.375 0.13125 0.1501953125
21 0.165625 0.5 0.0904296875 0.030859375
20 0.496875 0.0609375 0.99375 0.121875
1 0.82109375 0.50546875 0.1205078125 0.0203125
25 0.31171875 0.63359375 0.3767578125 0.2125
25 0.75546875 0.828125 0.2421875 0.137890625
23 0.846875 0.71171875 0.015625 0.0205078125
31 0.22421875 0.91796875 0.4078125 0.1232421875
26 0.15234375 0.94140625 0.0673828125 0.015625
1 0.15234375 0.9421875 0.0984375 0.0310546875
26 0.25390625 0.94296875 0.0607421875 0.015625
26 0.35546875 0.9421875 0.071875 0.0158203125
1 0.253125 0.940625 0.0904296875 0.030859375
1 0.35703125 0.9421875 0.1017578125 0.0310546875
36 0.67890625 0.55859375 0.3203125 0.0201171875
1 0.8109375 0.02578125 0.1185546875 0.0171875