1 0.909375 0.03984375 0.0408203125 0.0171875
27 0.1015625 0.03671875 0.0623046875 0.01875
18 0.18046875 0.03828125 0.0638671875 0.01875
18 0.28046875 0.03828125 0.109375 0.0173828125
18 0.384375 0.0390625 0.0654296875 0.015625
18 0.46328125 0.03984375 0.0546875 0.0169921875
28 0.22734375 0.00859375 0.3111328125 0.0171875
36 0.51328125 0.490625 0.7794921875 0.0310546875
27 0.21015625 0.58125 0.0142578125 0.015625
26 0.2453125 0.5828125 0.0529296875 0.0125
1 0.23671875 0.58125 0.125 0.0283203125
1 0.371875 0.58046875 0.125 0.0296875
1 0.50703125 0.58046875 0.1265625 0.0294921875
1 0.64140625 0.58046875 0.1263671875 0.0296875
1 0.7765625 0.58125 0.127734375 0.0283203125
27 0.74765625 0.58046875 0.0140625 0.0142578125
27 0.609375 0.58125 0.012890625 0.0154296875
27 0.4921875 0.58125 0.0154296875 0.0126953125
27 0.33984375 0.58125 0.0142578125 0.0154296875
20 0.49765625 0.02890625 0.9951171875 0.0578125