28 0.31875 0.0078125 0.244140625 0.0154296875
27 0.23828125 0.03984375 0.0888671875 0.0359375
26 0.44375 0.03828125 0.0498046875 0.0138671875
1 0.575 0.0390625 0.01875 0.01875
2 0.5 0.03828125 0.1689453125 0.0205078125
23 0.7375 0.04609375 0.0125 0.0138671875
23 0.753125 0.0453125 0.0126953125 0.0125
23 0.76796875 0.04453125 0.0107421875 0.0140625
23 0.78203125 0.04609375 0.0140625 0.0109375
23 0.796875 0.0453125 0.0154296875 0.0126953125
18 0.21796875 0.0734375 0.034375 0.009765625
18 0.275 0.07421875 0.055859375 0.0138671875
18 0.33828125 0.07421875 0.0484375 0.0107421875
18 0.39609375 0.075 0.0390625 0.012109375
18 0.5453125 0.07421875 0.0345703125 0.0125
18 0.603125 0.07421875 0.05625 0.0107421875
18 0.6734375 0.07421875 0.065625 0.0125
1 0.7578125 0.07421875 0.084765625 0.0232421875
20 0.5 0.04375 1 0.0875
6 0.04921875 0.25859375 0.08125 0.2986328125
6 0.95078125 0.259375 0.0828125 0.300390625
6 0.72890625 0.4515625 0.1486328125 0.1251953125
28 0.45390625 0.07421875 0.51875 0.0203125
25 0.33671875 0.18203125 0.2798828125 0.1703125
25 0.41484375 0.40390625 0.1203125 0.0703125
25 0.609375 0.134375 0.050390625 0.050390625
25 0.609375 0.22109375 0.0529296875 0.0517578125
35 0.35390625 0.5625 0.0611328125 0.012890625
35 0.4328125 0.5625 0.0876953125 0.015625
35 0.51953125 0.5625 0.0734375 0.0154296875
35 0.590625 0.56171875 0.056640625 0.015625
31 0.89609375 0.5296875 0.1861328125 0.1904296875