7 0.5 0.06640625 0.4654296875 0.1328125
1 0.65546875 0.065625 0.1048828125 0.0373046875
1 0.41015625 0.10390625 0.0703125 0.01875
27 0.35078125 0.1734375 0.1236328125 0.034765625
18 0.5671875 0.175 0.0685546875 0.024609375
1 0.6609375 0.1734375 0.1123046875 0.0591796875
20 0.50078125 0.178125 0.4607421875 0.087890625
36 0.5015625 0.30546875 0.3560546875 0.1048828125
15 0.50078125 0.503125 0.459375 0.2529296875
26 0.36796875 0.72421875 0.1484375 0.0169921875
26 0.36484375 0.7734375 0.1017578125 0.0251953125
2 0.50078125 0.77109375 0.4142578125 0.065625
23 0.6421875 0.76953125 0.015625 0.0173828125
18 0.5015625 0.77109375 0.4154296875 0.0638671875
23 0.68359375 0.77109375 0.0140625 0.0169921875
17 0.65703125 0.77109375 0.0109375 0.0328125
26 0.3109375 0.8296875 0.041015625 0.0158203125
30 0.365625 0.87578125 0.10625 0.0294921875
2 0.50078125 0.875 0.4142578125 0.0626953125
26 0.3265625 0.9328125 0.071484375 0.0158203125
2 0.5 0.9734375 0.4158203125 0.0529296875