7 0.5 0.0125 1 0.0248046875
20 0.5 0.0421875 1 0.034375
36 0.50078125 0.115625 0.2111328125 0.0626953125
22 0.5 0.253125 1 0.3876953125
15 0.4953125 0.17421875 0.35625 0.0375
18 0.3796875 0.2328125 0.1154296875 0.027734375
2 0.50078125 0.2328125 0.115625 0.0279296875
2 0.62109375 0.2328125 0.1140625 0.0251953125
1 0.42578125 0.26015625 0.0080078125 0.009375
1 0.50078125 0.2875 0.1888671875 0.025390625
1 0.453125 0.34609375 0.090625 0.0267578125
1 0.546875 0.34609375 0.0904296875 0.0263671875
1 0.5484375 0.3734375 0.025 0.009375
21 0.503125 0.503125 0.369140625 0.0310546875