27 0.0484375 0.01796875 0.047265625 0.0234375
36 0.1453125 0.16875 0.19375 0.056640625
28 0.1953125 0.01796875 0.233984375 0.0205078125
30 0.65390625 0.01796875 0.0517578125 0.0111328125
23 0.73359375 0.01796875 0.015625 0.0138671875
2 0.684375 0.01796875 0.125 0.021875
23 0.77109375 0.01484375 0.0142578125 0.0125
23 0.81328125 0.0140625 0.0142578125 0.0126953125
23 0.8546875 0.01484375 0.0123046875 0.0140625
1 0.90390625 0.01796875 0.0451171875 0.0205078125
23 0.89609375 0.01796875 0.0107421875 0.009375
26 0.909375 0.01875 0.0158203125 0.006640625
23 0.94453125 0.0171875 0.0125 0.0123046875
26 0.96015625 0.01875 0.015625 0.009375
1 0.9515625 0.01796875 0.04375 0.0203125
26 0.85546875 0.0265625 0.0125 0.00625
26 0.8140625 0.02578125 0.0314453125 0.00625
26 0.771875 0.02578125 0.0248046875 0.0078125
20 0.5 0.01875 1 0.0345703125
22 0.5 0.21484375 1 0.35625
8 0.0921875 0.24296875 0.0845703125 0.0142578125
35 0.08125 0.27890625 0.065625 0.0138671875
35 0.13359375 0.2796875 0.034375 0.0123046875
35 0.17109375 0.2796875 0.034375 0.0125
35 0.20546875 0.2796875 0.03125 0.009375
35 0.2375 0.2796875 0.0279296875 0.009765625
23 0.05390625 0.2625 0.0107421875 0.0095703125
23 0.065625 0.36015625 0.0345703125 0.0375
23 0.11171875 0.3609375 0.0328125 0.034375
1 0.065625 0.3609375 0.037890625 0.041015625
1 0.11171875 0.36171875 0.0375 0.0390625
23 0.9578125 0.18984375 0.022265625 0.0265625
23 0.03984375 0.1890625 0.0142578125 0.0279296875
12 0.5 0.215625 0.999609375 0.356640625
21 0.09921875 0.41328125 0.1169921875 0.01875
21 0.07890625 0.62265625 0.0609375 0.01875
25 0.103125 0.496875 0.105859375 0.1376953125
25 0.21640625 0.49921875 0.1044921875 0.1421875
25 0.33046875 0.49921875 0.1078125 0.1423828125
25 0.44375 0.49921875 0.10625 0.1423828125
25 0.55625 0.49921875 0.10625 0.1423828125
25 0.6703125 0.4984375 0.1060546875 0.14375
25 0.78359375 0.4984375 0.1078125 0.141015625
25 0.896875 0.4984375 0.10625 0.141015625
23 0.95859375 0.50234375 0.0111328125 0.0205078125
26 0.07890625 0.57890625 0.0638671875 0.0109375
26 0.18984375 0.57890625 0.05625 0.0111328125
26 0.29765625 0.57890625 0.0451171875 0.0109375
26 0.4421875 0.5796875 0.1064453125 0.0095703125
26 0.546875 0.584375 0.0876953125 0.0216796875
26 0.66328125 0.5796875 0.0919921875 0.009765625
26 0.759375 0.57890625 0.0591796875 0.0109375
26 0.8703125 0.5796875 0.0529296875 0.009765625
8 0.253125 0.4328125 0.030859375 0.009765625
8 0.36953125 0.43359375 0.0267578125 0.0109375
8 0.48046875 0.434375 0.0298828125 0.0095703125
8 0.71015625 0.4328125 0.0234375 0.0095703125