27 0.17734375 0.0421875 0.0734375 0.0279296875
28 0.32421875 0.08046875 0.3423828125 0.015625
28 0.6828125 0.0453125 0.328515625 0.0158203125
28 0.484375 0.39296875 0.6876953125 0.125
29 0.49921875 0.7328125 0.121875 0.01875
21 0.2265625 0.303125 0.1751953125 0.0251953125
21 0.49921875 0.51953125 0.1669921875 0.03125
12 0.5015625 0.64921875 0.727734375 0.1953125
23 0.16015625 0.63359375 0.0359375 0.034375
23 0.8375 0.63359375 0.0341796875 0.0357421875
21 0.50078125 0.78984375 0.1984375 0.0296875
25 0.41328125 0.8921875 0.1578125 0.134375
25 0.58828125 0.89375 0.1580078125 0.131640625
25 0.7609375 0.8921875 0.1591796875 0.13125
22 0.49765625 0.18515625 0.9921875 0.1767578125
20 0.49765625 0.046875 0.9953125 0.09375