27 0.50078125 0.02578125 0.0857421875 0.0265625
28 0.21796875 0.0265625 0.0298828125 0.0283203125
28 0.7859375 0.02421875 0.0341796875 0.0326171875
6 0.709375 0.340625 0.190625 0.156640625
20 0.49765625 0.025 0.990625 0.05
6 0.49921875 0.14140625 0.6076171875 0.1578125
25 0.2375 0.31796875 0.0779296875 0.0578125
25 0.2359375 0.39296875 0.078125 0.0611328125
25 0.2359375 0.49765625 0.077734375 0.059375
25 0.23671875 0.5734375 0.0767578125 0.0591796875
25 0.2375 0.64609375 0.0751953125 0.059375
34 0.4015625 0.265625 0.4064453125 0.0251953125
21 0.23828125 0.240625 0.084375 0.01875
13 0.4 0.5234375 0.4064453125 0.4720703125
15 0.7109375 0.79296875 0.1935546875 0.4140625
13 0.39453125 0.9 0.4 0.1904296875