27 0.81328125 0.053125 0.1330078125 0.037109375
28 0.6140625 0.01328125 0.5189453125 0.0203125
2 0.4375 0.053125 0.5998046875 0.0310546875
30 0.69765625 0.0546875 0.0267578125 0.015234375
23 0.71875 0.05390625 0.012109375 0.0125
18 0.8375 0.08515625 0.0716796875 0.0169921875
20 0.49765625 0.04921875 0.9951171875 0.0982421875
12 0.50078125 0.2296875 0.75 0.23125
23 0.15546875 0.2328125 0.0267578125 0.028125
28 0.1546875 0.23203125 0.0314453125 0.0326171875
28 0.84296875 0.2328125 0.0265625 0.0283203125
23 0.84296875 0.23515625 0.0361328125 0.0357421875
21 0.82734375 0.3765625 0.0923828125 0.0189453125
12 0.5 0.4171875 0.743359375 0.058984375
25 0.21328125 0.503125 0.1798828125 0.075
25 0.40390625 0.503125 0.1794921875 0.0751953125
25 0.309375 0.5875 0.374609375 0.0716796875
25 0.690625 0.58671875 0.3720703125 0.071875
12 0.49375 0.78984375 0.746875 0.0611328125