27 0.19765625 0.02578125 0.1138671875 0.046875
12 0.5015625 0.27421875 0.44375 0.2390625
23 0.5796875 0.09609375 0.021875 0.0171875
1 0.5796875 0.09609375 0.0314453125 0.0232421875
26 0.35546875 0.096875 0.01875 0.0095703125
2 0.4703125 0.09609375 0.25 0.0232421875
6 0.5265625 0.025 0.51875 0.05
28 0.64140625 0.059375 0.4796875 0.015625
6 0.1875 0.60703125 0.11875 0.178125
23 0.75234375 0.2953125 0.0111328125 0.0154296875
23 0.81484375 0.29453125 0.0125 0.0140625
23 0.75234375 0.31328125 0.0138671875 0.0138671875
23 0.81484375 0.3125 0.0138671875 0.0126953125
23 0.76640625 0.340625 0.03125 0.0185546875
23 0.76640625 0.3625 0.0296875 0.0189453125
23 0.80078125 0.36171875 0.03125 0.01875
23 0.83515625 0.3625 0.0298828125 0.018359375
23 0.83515625 0.33984375 0.0298828125 0.01875
23 0.8 0.34140625 0.0283203125 0.0201171875
17 0.8 0.25390625 0.1310546875 0.0109375
17 0.8015625 0.38359375 0.1314453125 0.0078125
17 0.190625 0.475 0.030859375 0.0283203125
23 0.69296875 0.0953125 0.0201171875 0.0125
26 0.65234375 0.096875 0.0419921875 0.0095703125
1 0.6671875 0.09609375 0.11875 0.0232421875
24 0.178125 0.10234375 0.0591796875 0.0361328125
8 0.33125 0.6328125 0.0654296875 0.016015625
8 0.565625 0.63359375 0.065625 0.0171875
8 0.690625 0.6328125 0.0654296875 0.016015625
8 0.815625 0.63359375 0.0654296875 0.0171875
20 0.4984375 0.03515625 0.996875 0.0703125
21 0.1640625 0.7609375 0.05625 0.0158203125
21 0.3515625 0.759375 0.05625 0.0158203125
21 0.5390625 0.76015625 0.058984375 0.0173828125
21 0.7265625 0.7609375 0.05625 0.0158203125
21 0.7328125 0.87890625 0.071484375 0.0171875
21 0.53828125 0.8796875 0.0580078125 0.0158203125
21 0.35859375 0.8796875 0.0705078125 0.0158203125
21 0.16328125 0.87890625 0.05625 0.015625
25 0.1796875 0.928125 0.0875 0.046875
25 0.26484375 0.92578125 0.0734375 0.0486328125
25 0.36328125 0.925 0.0640625 0.0720703125
25 0.44140625 0.9265625 0.0640625 0.071875
25 0.55 0.928125 0.05625 0.06875
25 0.6265625 0.928125 0.078515625 0.055859375
25 0.7421875 0.92734375 0.0810546875 0.05625
25 0.82265625 0.92890625 0.0794921875 0.065625
25 0.815625 0.8125 0.0779296875 0.0623046875
25 0.74140625 0.80859375 0.0328125 0.078125
25 0.62734375 0.8078125 0.0701171875 0.0685546875
25 0.55 0.80703125 0.0689453125 0.0642578125
25 0.44765625 0.80703125 0.0544921875 0.0736328125
25 0.36484375 0.8078125 0.0576171875 0.075
25 0.25703125 0.81328125 0.0736328125 0.0673828125
25 0.1703125 0.8125 0.066015625 0.069140625
25 0.68671875 0.56953125 0.1 0.1
25 0.375 0.56953125 0.243359375 0.1013671875
24 0.38984375 0.4265625 0.2205078125 0.065234375
24 0.61171875 0.42578125 0.2205078125 0.0625
23 0.48046875 0.42578125 0.0044921875 0.0078125
26 0.4609375 0.4265625 0.0310546875 0.009375
1 0.4640625 0.4265625 0.0498046875 0.0158203125
1 0.6859375 0.42578125 0.0498046875 0.0171875
26 0.6828125 0.42734375 0.03125 0.009375
23 0.703125 0.42578125 0.005859375 0.0076171875
24 0.80078125 0.175 0.053125 0.0373046875
26 0.77578125 0.23515625 0.0328125 0.009375
1 0.775 0.23515625 0.0466796875 0.0173828125
26 0.825 0.2359375 0.031640625 0.009375
1 0.825 0.23515625 0.044140625 0.0171875
26 0.16171875 0.17265625 0.034375 0.015625
26 0.1640625 0.19375 0.046484375 0.018359375
26 0.175 0.2390625 0.0623046875 0.0216796875
26 0.18359375 0.28359375 0.090625 0.0232421875
23 0.85 0.0234375 0.0123046875 0.015625
26 0.8296875 0.0234375 0.0185546875 0.0123046875
1 0.8375 0.0234375 0.053125 0.0279296875
23 0.8640625 0.0109375 0.0154296875 0.015625
1 0.865625 0.01015625 0.0189453125 0.0171875