27 0.18359375 0.0234375 0.0625 0.046875
2 0.75703125 0.0234375 0.175 0.0375
28 0.50078125 0.06640625 0.6955078125 0.040625
1 0.53828125 0.025 0.075 0.0251953125
1 0.625 0.02421875 0.0685546875 0.0294921875
22 0.50078125 0.21484375 0.6921875 0.2544921875
36 0.415625 0.40859375 0.4158203125 0.0875
14 0.3921875 0.475 0.359375 0.021875
1 0.2828125 0.51953125 0.1375 0.0357421875
21 0.23515625 0.59921875 0.1169921875 0.0296875
1 0.784375 0.59609375 0.065625 0.0236328125
25 0.28359375 0.6859375 0.2017578125 0.103515625
25 0.5 0.6875 0.2033203125 0.103125
25 0.7203125 0.6875 0.2029296875 0.1033203125
20 0.5015625 0.04375 0.703125 0.0873046875
31 0.49921875 0.88046875 0.6923828125 0.2326171875
1 0.1984375 0.96484375 0.0591796875 0.0388671875
1 0.2671875 0.96484375 0.0626953125 0.0390625
1 0.3484375 0.96484375 0.0873046875 0.0390625