27 0.1546875 0.015625 0.03125 0.025
28 0.33046875 0.04609375 0.3861328125 0.0173828125
18 0.2 0.0171875 0.040625 0.01875
18 0.2484375 0.015625 0.0373046875 0.0158203125
18 0.3125 0.01640625 0.0626953125 0.0125
18 0.378125 0.01640625 0.044140625 0.0109375
18 0.5 0.015625 0.0529296875 0.0125
23 0.74609375 0.01640625 0.0138671875 0.015625
1 0.80078125 0.0171875 0.0763671875 0.0220703125
23 0.771875 0.01640625 0.0216796875 0.0169921875
26 0.8109375 0.01640625 0.053515625 0.0111328125
23 0.853125 0.01640625 0.0189453125 0.0169921875
6 0.50078125 0.1421875 0.71875 0.15625
35 0.20625 0.29765625 0.128125 0.0173828125
35 0.33671875 0.29765625 0.1205078125 0.0201171875
35 0.4921875 0.29765625 0.1783203125 0.01875
35 0.63828125 0.29609375 0.1017578125 0.01875
35 0.73515625 0.29765625 0.0796875 0.01875
21 0.1828125 0.27421875 0.0845703125 0.0138671875
25 0.2265625 0.45 0.1748046875 0.250390625
8 0.16953125 0.3390625 0.0421875 0.015625
6 0.228125 0.65703125 0.169140625 0.1451171875
21 0.203125 0.77265625 0.1251953125 0.015625
20 0.496875 0.03046875 0.9935546875 0.0609375
25 0.77265625 0.45 0.171875 0.25