27 0.08359375 0.01875 0.05 0.0251953125
6 0.71953125 0.3421875 0.1875 0.158984375
6 0.40625 0.4921875 0.390625 0.128125
26 0.84453125 0.01640625 0.0236328125 0.0125
1 0.8453125 0.01640625 0.052734375 0.0265625
26 0.91953125 0.01640625 0.0296875 0.015625
23 0.8953125 0.0171875 0.015625 0.0154296875
1 0.91171875 0.01796875 0.0642578125 0.028125
23 0.625 0.0171875 0.015625 0.0154296875
30 0.51015625 0.01796875 0.021875 0.0125
2 0.5609375 0.0171875 0.1533203125 0.028125
23 0.215625 0.0171875 0.015625 0.0158203125
23 0.27734375 0.0171875 0.0125 0.0158203125
23 0.359375 0.01796875 0.019140625 0.0173828125
23 0.421875 0.01796875 0.018359375 0.0169921875
22 0.4046875 0.1375 0.3904296875 0.1689453125
22 0.67109375 0.06796875 0.0609375 0.0171875
24 0.68203125 0.0171875 0.0625 0.028125
26 0.66171875 0.1015625 0.0482421875 0.0216796875
1 0.7140625 0.0671875 0.177734375 0.0314453125
1 0.7125 0.10234375 0.1810546875 0.03125
1 0.71171875 0.13828125 0.1763671875 0.0298828125
1 0.7125 0.1734375 0.175390625 0.03125
1 0.71171875 0.21875 0.1767578125 0.049609375
21 0.25 0.2546875 0.084375 0.0158203125
21 0.2375 0.35 0.0654296875 0.0185546875
24 0.640625 0.46015625 0.031640625 0.0326171875
25 0.640625 0.4984375 0.03125 0.028515625
25 0.640625 0.5390625 0.03125 0.0314453125
25 0.640625 0.5765625 0.03125 0.033984375
25 0.63984375 0.61640625 0.03125 0.03125
26 0.7109375 0.65390625 0.0341796875 0.0125
23 0.73203125 0.65390625 0.0046875 0.0107421875
1 0.71328125 0.653125 0.178125 0.024609375
23 0.21328125 0.30625 0.0080078125 0.009375
23 0.21328125 0.4015625 0.009375 0.009375
23 0.28359375 0.30703125 0.009375 0.0080078125
23 0.30703125 0.30703125 0.0080078125 0.0078125
23 0.27734375 0.4015625 0.009375 0.0091796875
23 0.3046875 0.4015625 0.009375 0.0091796875
17 0.403125 0.32578125 0.394140625 0.0046875
17 0.40546875 0.4203125 0.3919921875 0.0064453125
23 0.21328125 0.63515625 0.009375 0.009375
23 0.2125 0.7296875 0.0095703125 0.009375
23 0.21328125 0.83984375 0.009375 0.0080078125
23 0.2125 0.934375 0.009375 0.0095703125
23 0.3265625 0.934375 0.009375 0.012109375
23 0.31015625 0.83984375 0.0109375 0.0107421875
23 0.284375 0.8390625 0.0095703125 0.0064453125
23 0.29453125 0.934375 0.0107421875 0.009375