27 0.5 0.053125 0.11875 0.0375
23 0.20390625 0.05234375 0.0205078125 0.0173828125
23 0.7640625 0.053125 0.021875 0.01875
23 0.796875 0.053125 0.021875 0.0185546875
28 0.50078125 0.0125 0.6294921875 0.019140625
28 0.49921875 0.08671875 0.565625 0.0201171875
22 0.5 0.36953125 0.625 0.2703125
21 0.5 0.52734375 0.0970703125 0.0294921875
21 0.50078125 0.971875 0.0828125 0.025390625
17 0.32109375 0.52734375 0.2455078125 0.0107421875
17 0.6796875 0.52734375 0.2498046875 0.0078125
17 0.3234375 0.971875 0.2533203125 0.0095703125
17 0.675 0.971875 0.2529296875 0.0064453125
25 0.29765625 0.73671875 0.19375 0.3765625
25 0.503125 0.7375 0.1939453125 0.378125
36 0.32265625 0.3765625 0.25 0.09375