27 0.225 0.0234375 0.0998046875 0.03125
8 0.3203125 0.02265625 0.0720703125 0.028125
8 0.41328125 0.0234375 0.0765625 0.028515625
28 0.72109375 0.03359375 0.2048828125 0.0125
2 0.3625 0.06484375 0.365625 0.0203125
30 0.31796875 0.0640625 0.240625 0.0123046875
23 0.18984375 0.065625 0.0169921875 0.015625
1 0.5046875 0.06484375 0.08125 0.0203125
1 0.5859375 0.06484375 0.0720703125 0.0205078125
6 0.40078125 0.128125 0.2921875 0.037890625
28 0.40078125 0.39375 0.4484375 0.4470703125
15 0.4015625 0.825 0.4498046875 0.224609375
6 0.7296875 0.73046875 0.1876953125 0.0451171875
15 0.72890625 0.46015625 0.1796875 0.4359375