27 0.171875 0.0640625 0.1125 0.046484375
2 0.6265625 0.06328125 0.1908203125 0.0375
30 0.60625 0.0625 0.14375 0.0185546875
28 0.4875 0.11328125 0.750390625 0.0201171875
4 0.484375 0.14609375 0.7341796875 0.03125
21 0.17265625 0.20859375 0.1013671875 0.0201171875
28 0.5171875 0.296875 0.8064453125 0.121875
25 0.6546875 0.5375 0.466015625 0.262890625
1 0.159375 0.590625 0.0904296875 0.037109375
14 0.221875 0.54375 0.2158203125 0.03125
14 0.5078125 0.8921875 0.790234375 0.183984375
20 0.496875 0.0828125 0.99375 0.165625