20 0.5 0.021875 1 0.0435546875
13 0.25 0.35 0.4751953125 0.365625
13 0.62578125 0.3890625 0.2611328125 0.452734375
28 0.32734375 0.0125 0.4298828125 0.015625
27 0.0546875 0.01796875 0.109375 0.0359375
30 0.42578125 0.10703125 0.0828125 0.01875
23 0.60703125 0.10546875 0.0173828125 0.0173828125
2 0.5015625 0.10703125 0.2533203125 0.0298828125
19 0.5 0.83359375 1 0.0890625
31 0.50078125 0.91171875 0.9984375 0.0673828125
25 0.2515625 0.65859375 0.475 0.253125
14 0.2828125 0.49609375 0.409375 0.0263671875
1 0.48046875 0.9265625 0.046875 0.0154296875
1 0.5375 0.92734375 0.04375 0.0078125
26 0.48046875 0.9265625 0.0361328125 0.009375
14 0.50625 0.90625 0.5123046875 0.0095703125
21 0.50625 0.89375 0.1466796875 0.0125
34 0.875 0.15234375 0.2123046875 0.0234375
26 0.79375 0.17578125 0.0408203125 0.009375
30 0.80546875 0.19140625 0.05625 0.009375
30 0.79140625 0.228125 0.028125 0.0064453125
1 0.78125 0.2515625 0.009375 0.009375
26 0.8734375 0.27421875 0.0376953125 0.0111328125
1 0.8734375 0.2734375 0.1939453125 0.01875
1 0.803125 0.30078125 0.059375 0.0109375
26 0.79453125 0.2125 0.040625 0.0064453125
28 0.7984375 0.425 0.059765625 0.115625