28 0.30078125 0.034375 0.0294921875 0.0251953125
27 0.39609375 0.0359375 0.1205078125 0.0439453125
23 0.55859375 0.0359375 0.0326171875 0.027734375
26 0.6609375 0.034375 0.0779296875 0.0279296875
1 0.6609375 0.03515625 0.1126953125 0.0419921875
23 0.303125 0.10546875 0.0216796875 0.0263671875
23 0.3671875 0.1046875 0.034375 0.0314453125
23 0.2984375 0.19140625 0.0251953125 0.0263671875
18 0.46875 0.10546875 0.1126953125 0.0232421875
18 0.5921875 0.103125 0.103125 0.0310546875
28 0.5734375 0.10546875 0.3283203125 0.0357421875
36 0.4859375 0.1921875 0.341015625 0.033984375
14 0.4984375 0.74453125 0.4251953125 0.2638671875
20 0.5015625 0.03671875 0.466015625 0.0705078125