27 0.50078125 0.025 0.13125 0.0283203125
28 0.18046875 0.02578125 0.0330078125 0.025
20 0.49765625 0.03359375 0.7138671875 0.0642578125
1 0.50078125 0.2484375 0.184375 0.0376953125
18 0.50234375 0.89453125 0.3580078125 0.0375
18 0.5 0.96484375 0.637109375 0.0703125
21 0.24140625 0.29296875 0.1517578125 0.0263671875
28 0.49375 0.36171875 0.655859375 0.1017578125
28 0.50703125 0.16953125 0.6703125 0.0330078125
18 0.37265625 0.0875 0.2390625 0.031640625
2 0.6296875 0.08828125 0.247265625 0.0388671875