1 0.0421875 0.01875 0.0595703125 0.0251953125
28 0.03984375 0.01953125 0.04375 0.0111328125
23 0.02734375 0.01875 0.0109375 0.0091796875
18 0.309375 0.01875 0.0939453125 0.0126953125
28 0.36484375 0.01953125 0.5732421875 0.01875
23 0.853125 0.01875 0.0158203125 0.015625
23 0.88984375 0.01875 0.0171875 0.015625
1 0.9546875 0.01875 0.0716796875 0.0251953125
26 0.95546875 0.01875 0.0423828125 0.0123046875
27 0.50078125 0.065625 0.125 0.043359375
28 0.50078125 0.10625 0.784375 0.0251953125
15 0.79609375 0.46953125 0.1857421875 0.1986328125
6 0.79609375 0.63671875 0.1888671875 0.10625
25 0.30234375 0.4515625 0.3857421875 0.2408203125
8 0.134375 0.34453125 0.0375 0.0142578125
8 0.53046875 0.3453125 0.0361328125 0.015625
25 0.5984375 0.5609375 0.1873046875 0.11875
14 0.2984375 0.67109375 0.3783203125 0.0607421875
36 0.2953125 0.60703125 0.375 0.0484375
20 0.496875 0.06015625 0.99375 0.1203125