27 0.20390625 0.0375 0.0361328125 0.0375
30 0.27890625 0.0375 0.0703125 0.0125
23 0.5125 0.0375 0.015625 0.012890625
1 0.5125 0.0375 0.0279296875 0.025
2 0.38203125 0.03828125 0.290625 0.0263671875
28 0.684375 0.009375 0.23125 0.012109375
28 0.46953125 0.06796875 0.5763671875 0.0125
28 0.4921875 0.0890625 0.616015625 0.015234375
34 0.50078125 0.115625 0.5080078125 0.0220703125
36 0.503125 0.14375 0.2091796875 0.0216796875
1 0.603125 0.17109375 0.0435546875 0.0125
23 0.38359375 0.16953125 0.0111328125 0.015625
14 0.4859375 0.17109375 0.1873046875 0.0107421875
18 0.6984375 0.04609375 0.041015625 0.0107421875
18 0.79140625 0.0453125 0.040625 0.0095703125
23 0.55703125 0.03125 0.01875 0.019140625
23 0.6 0.03203125 0.019140625 0.0173828125
23 0.64375 0.03203125 0.0216796875 0.0201171875
23 0.696875 0.03203125 0.018359375 0.0169921875
23 0.74453125 0.0328125 0.0203125 0.0158203125
23 0.79140625 0.03203125 0.0173828125 0.0142578125
26 0.55625 0.04609375 0.0310546875 0.0107421875
26 0.60078125 0.04609375 0.0294921875 0.0080078125
26 0.6453125 0.0453125 0.0345703125 0.008984375
26 0.6921875 0.0453125 0.0310546875 0.00625
26 0.74453125 0.04609375 0.025 0.0078125
26 0.78671875 0.0453125 0.028125 0.0064453125
26 0.37265625 0.115625 0.040625 0.012109375
26 0.62578125 0.115625 0.0484375 0.0125
25 0.26015625 0.246875 0.1517578125 0.115625
25 0.26171875 0.3875 0.15 0.115625
25 0.26171875 0.5265625 0.1515625 0.1154296875
25 0.4203125 0.26953125 0.1501953125 0.1580078125
25 0.42109375 0.434375 0.1513671875 0.118359375
25 0.4203125 0.57421875 0.152734375 0.1171875
25 0.57890625 0.5265625 0.1517578125 0.1158203125
25 0.5796875 0.3875 0.1529296875 0.115625
25 0.5796875 0.24765625 0.1529296875 0.1171875
25 0.73828125 0.26953125 0.1513671875 0.159375
25 0.7390625 0.43515625 0.152734375 0.115625
25 0.7390625 0.5734375 0.1529296875 0.116015625
14 0.24375 0.31484375 0.109375 0.0109375
14 0.2109375 0.45390625 0.0439453125 0.0080078125
14 0.24375 0.59375 0.106640625 0.0095703125
14 0.396875 0.5015625 0.0970703125 0.0095703125
14 0.3828125 0.35859375 0.06875 0.009375
14 0.5640625 0.31484375 0.1126953125 0.0107421875
14 0.56640625 0.453125 0.1173828125 0.0123046875
14 0.546875 0.59296875 0.08125 0.009375
14 0.71328125 0.35859375 0.09375 0.009375
14 0.68671875 0.50078125 0.040625 0.009375
11 0.26015625 0.25625 0.1544921875 0.1341796875
11 0.2609375 0.39609375 0.152734375 0.1326171875
11 0.2609375 0.53515625 0.1529296875 0.134375
11 0.4203125 0.2796875 0.1529296875 0.178515625
11 0.42109375 0.44375 0.153125 0.134375
11 0.57890625 0.25625 0.1544921875 0.131640625
11 0.57890625 0.3953125 0.1517578125 0.13125
11 0.58046875 0.53515625 0.153125 0.1326171875
11 0.7390625 0.2796875 0.1529296875 0.183984375
11 0.7390625 0.44375 0.152734375 0.1314453125
20 0.51640625 0.05 0.9671875 0.0998046875