27 0.20234375 0.03046875 0.0857421875 0.0328125
1 0.69609375 0.03046875 0.0638671875 0.01875
1 0.7921875 0.0296875 0.090234375 0.0466796875
26 0.7921875 0.03046875 0.0498046875 0.0203125
36 0.3265625 0.1859375 0.33125 0.159765625
2 0.3390625 0.31953125 0.35 0.0423828125
2 0.33984375 0.37109375 0.346875 0.0451171875
30 0.2484375 0.31953125 0.146875 0.021875
30 0.20625 0.36953125 0.0658203125 0.0232421875
1 0.47890625 0.3703125 0.0453125 0.021875
1 0.22265625 0.4140625 0.11875 0.0248046875
1 0.3390625 0.46953125 0.347265625 0.0517578125
1 0.3390625 0.5671875 0.346875 0.05
1 0.33984375 0.628125 0.3484375 0.053125
23 0.25859375 0.565625 0.0203125 0.024609375
26 0.3609375 0.56875 0.1501953125 0.0220703125
26 0.3421875 0.47109375 0.065625 0.0234375
26 0.33984375 0.62734375 0.2138671875 0.0263671875
26 0.24140625 0.8546875 0.1080078125 0.0189453125
26 0.38203125 0.8546875 0.0875 0.0189453125
26 0.5125 0.85234375 0.0935546875 0.021875
26 0.63359375 0.85234375 0.06875 0.0203125
26 0.75859375 0.853125 0.1044921875 0.024609375
26 0.6375 0.91015625 0.1533203125 0.025
26 0.47578125 0.91171875 0.09375 0.0201171875
26 0.2859375 0.9109375 0.203515625 0.0248046875
24 0.68359375 0.396875 0.3294921875 0.5125
21 0.4515625 0.753125 0.5779296875 0.050390625
20 0.50078125 0.03203125 0.6919921875 0.0640625