27 0.25625 0.01875 0.0841796875 0.0283203125
28 0.5859375 0.01796875 0.153125 0.0294921875
36 0.35078125 0.09609375 0.2671875 0.065625
2 0.321875 0.15625 0.2060546875 0.025390625
2 0.321875 0.1859375 0.2064453125 0.028125
1 0.25234375 0.21171875 0.0736328125 0.0111328125
1 0.3234375 0.24453125 0.209765625 0.0330078125
1 0.3203125 0.3015625 0.2091796875 0.034375
1 0.321875 0.33671875 0.2091796875 0.034375
24 0.70625 0.20546875 0.3689453125 0.3017578125
1 0.584375 0.4265625 0.0748046875 0.034375
1 0.50078125 0.4265625 0.0890625 0.033984375
21 0.30703125 0.425 0.1826171875 0.0654296875
21 0.31171875 0.60546875 0.1919921875 0.0640625
20 0.5 0.0234375 1 0.0439453125