27 0.33828125 0.04296875 0.1078125 0.0326171875
1 0.51875 0.04296875 0.0876953125 0.021875
1 0.65390625 0.04140625 0.1232421875 0.0611328125
1 0.49921875 0.48515625 0.425 0.0701171875
1 0.50078125 0.6125 0.4263671875 0.071875
1 0.49921875 0.696875 0.4296875 0.0689453125
1 0.365625 0.40859375 0.1560546875 0.021875
36 0.47421875 0.16171875 0.3794921875 0.0861328125
20 0.49609375 0.04296875 0.4359375 0.0859375
30 0.403125 0.27734375 0.2033203125 0.0263671875
30 0.346875 0.3484375 0.090625 0.021484375
1 0.6703125 0.34765625 0.0533203125 0.0263671875
2 0.50234375 0.27578125 0.425 0.0611328125
2 0.50078125 0.34921875 0.425 0.059375
24 0.50234375 0.875 0.31875 0.2470703125
17 0.5046875 0.55 0.4091796875 0.012890625