27 0.22421875 0.03203125 0.0830078125 0.03125
28 0.36640625 0.03359375 0.1861328125 0.0205078125
28 0.7359375 0.03359375 0.153125 0.021875
34 0.39765625 0.075 0.425 0.024609375
25 0.496875 0.17421875 0.1876953125 0.1421875
20 0.49609375 0.0328125 0.9921875 0.065625
15 0.396875 0.5265625 0.3908203125 0.0876953125
21 0.2453125 0.36015625 0.0875 0.0140625
21 0.25234375 0.640625 0.1046875 0.012890625
21 0.240625 0.828125 0.0779296875 0.0126953125
15 0.40078125 0.92109375 0.4015625 0.1576171875
25 0.496875 0.71484375 0.1908203125 0.11875
25 0.653125 0.13125 0.0501953125 0.0529296875
25 0.65234375 0.19765625 0.0517578125 0.0513671875