7 0.5 0.0125 1 0.0248046875
27 0.18515625 0.05625 0.0892578125 0.0248046875
30 0.26015625 0.0578125 0.0263671875 0.009375
2 0.47421875 0.05546875 0.4611328125 0.0205078125
23 0.6953125 0.05625 0.0123046875 0.0126953125
28 0.27265625 0.03359375 0.2703125 0.0078125
18 0.165625 0.08203125 0.050390625 0.0109375
28 0.3078125 0.08203125 0.165234375 0.0125
28 0.60078125 0.08125 0.1826171875 0.0125
7 0.5 0.103125 1 0.025
22 0.5 0.30390625 1 0.3736328125
29 0.83828125 0.55 0.0236328125 0.0095703125
31 0.5 0.6203125 1 0.03125
20 0.5 0.07109375 1 0.0919921875