27 0.49921875 0.028125 0.1375 0.0408203125
28 0.17265625 0.02734375 0.0169921875 0.0201171875
23 0.79375 0.0265625 0.0220703125 0.021875
23 0.825 0.028125 0.0216796875 0.0251953125
30 0.196875 0.07265625 0.04375 0.01875
2 0.50078125 0.07265625 0.6703125 0.0357421875
23 0.81875 0.071875 0.018359375 0.01875
22 0.5 0.38359375 0.69375 0.5607421875
36 0.2875 0.37421875 0.1501953125 0.090625
14 0.29375 0.44921875 0.224609375 0.01875
31 0.5015625 0.96875 0.6939453125 0.0625
20 0.50078125 0.05234375 0.6921875 0.1046875