27 0.059375 0.01875 0.109375 0.0279296875
28 0.1921875 0.01953125 0.128125 0.0140625
1 0.79140625 0.01796875 0.0330078125 0.0111328125
1 0.8421875 0.01953125 0.0595703125 0.0234375
1 0.63046875 0.1828125 0.3205078125 0.028125
6 0.49765625 0.12578125 0.9921875 0.1515625
25 0.390625 0.3375 0.543359375 0.2251953125
1 0.184375 0.375 0.0939453125 0.024609375
14 0.2921875 0.28515625 0.315625 0.0830078125
6 0.7875 0.42109375 0.187890625 0.378125
23 0.63359375 0.47578125 0.0203125 0.021875
23 0.6515625 0.47890625 0.0125 0.0107421875
34 0.7875 0.70234375 0.190625 0.0330078125
15 0.74921875 0.8328125 0.1205078125 0.2091796875
20 0.4984375 0.01875 0.996875 0.0375