6 0.49765625 0.0140625 0.9953125 0.0279296875
28 0.39453125 0.11171875 0.484375 0.015625
6 0.5015625 0.4171875 0.8560546875 0.141015625
28 0.5734375 0.0421875 0.7125 0.0125
27 0.17265625 0.07265625 0.0826171875 0.0205078125
30 0.26015625 0.07265625 0.0703125 0.0109375
23 0.57890625 0.071875 0.0138671875 0.0126953125
2 0.40625 0.071875 0.3720703125 0.021875
8 0.91640625 0.0765625 0.0173828125 0.015625
23 0.87578125 0.103125 0.0142578125 0.018359375
21 0.13984375 0.6703125 0.1080078125 0.0216796875
24 0.1140625 0.72109375 0.059375 0.059375
24 0.2109375 0.72109375 0.0591796875 0.059375
24 0.30703125 0.72109375 0.0578125 0.059375
24 0.403125 0.72109375 0.0591796875 0.0580078125
24 0.49921875 0.72109375 0.059375 0.059375
24 0.59609375 0.72109375 0.0576171875 0.0609375
24 0.6921875 0.72109375 0.059375 0.059375
24 0.7890625 0.721875 0.059375 0.059375
24 0.8859375 0.7203125 0.059375 0.0623046875
30 0.48125 0.85078125 0.06875 0.0138671875
2 0.5296875 0.84921875 0.1748046875 0.0298828125
30 0.67578125 0.84921875 0.0701171875 0.015625
2 0.7234375 0.84921875 0.175 0.0326171875
26 0.875 0.84921875 0.053125 0.0140625
1 0.8734375 0.84921875 0.0875 0.0296875
21 0.1640625 0.9234375 0.1654296875 0.0251953125
31 0.50078125 0.97265625 0.9984375 0.0546875
1 0.84296875 0.9734375 0.1048828125 0.021484375
25 0.2125 0.56796875 0.278125 0.1375
25 0.49921875 0.56796875 0.2796875 0.1390625
25 0.78828125 0.56875 0.2796875 0.1375
20 0.496875 0.065625 0.993359375 0.1310546875
23 0.8625 0.07109375 0.021875 0.0205078125
23 0.7203125 0.07265625 0.021484375 0.0265625
23 0.9140625 0.234375 0.0279296875 0.0251953125