28 0.20859375 0.0109375 0.4015625 0.0185546875
27 0.14296875 0.04921875 0.0923828125 0.034375
1 0.14375 0.20078125 0.1625 0.0234375
26 0.14453125 0.2 0.0330078125 0.012890625
26 0.14375 0.2296875 0.06875 0.015234375
1 0.14375 0.22890625 0.1625 0.025
11 0.14296875 0.38515625 0.1888671875 0.1076171875
15 0.14453125 0.4671875 0.1875 0.04375
11 0.14375 0.29296875 0.1876953125 0.06875
11 0.14375 0.51953125 0.1876953125 0.0453125
11 0.14375 0.57109375 0.1873046875 0.0423828125
11 0.14375 0.46640625 0.1845703125 0.0451171875
11 0.14453125 0.62109375 0.1892578125 0.04375
11 0.14375 0.67421875 0.1904296875 0.0451171875
11 0.3734375 0.51953125 0.225 0.1888671875
11 0.60703125 0.51953125 0.2232421875 0.190625
11 0.83984375 0.5203125 0.221875 0.1908203125
11 0.3734375 0.72109375 0.221484375 0.1857421875
11 0.60625 0.72109375 0.219140625 0.1892578125
11 0.8390625 0.7203125 0.221875 0.190625
2 0.37265625 0.95625 0.190625 0.025390625
30 0.32734375 0.95703125 0.0875 0.0140625
1 0.37265625 0.98671875 0.1921875 0.0265625
26 0.3734375 0.98828125 0.0654296875 0.0125
25 0.3734375 0.47890625 0.221875 0.1046875
25 0.60625 0.478125 0.221875 0.1060546875
25 0.83984375 0.47734375 0.221875 0.1044921875
25 0.37265625 0.68046875 0.2205078125 0.1013671875
25 0.60625 0.678125 0.2189453125 0.103125
25 0.8390625 0.678125 0.2216796875 0.1064453125
25 0.60625 0.878125 0.221875 0.1060546875
11 0.85625 0.3453125 0.194140625 0.0716796875
13 0.428125 0.26171875 0.3283203125 0.24375
28 0.53671875 0.08671875 0.5513671875 0.01875
2 0.60625 0.05 0.6876953125 0.025390625
1 0.9234375 0.04921875 0.0501953125 0.0263671875
26 0.92421875 0.05 0.034375 0.012890625
30 0.309375 0.05 0.080859375 0.012890625
20 0.496875 0.0375 0.99375 0.075
26 0.97578125 0.0109375 0.025 0.0095703125
1 0.97578125 0.0109375 0.0328125 0.016015625
1 0.928125 0.01171875 0.0501953125 0.0125