27 0.22421875 0.025 0.1017578125 0.037109375
23 0.775 0.03125 0.0251953125 0.025390625
28 0.8109375 0.028125 0.0283203125 0.0310546875
22 0.50078125 0.1953125 0.6955078125 0.2841796875
36 0.50078125 0.1984375 0.5125 0.0404296875
26 0.5 0.2953125 0.081640625 0.016015625
1 0.49921875 0.29609375 0.1328125 0.0486328125
27 0.26640625 0.42890625 0.11875 0.0546875
27 0.4984375 0.4234375 0.121484375 0.072265625
27 0.73515625 0.42578125 0.0953125 0.0734375
27 0.26484375 0.603125 0.1125 0.0376953125
27 0.4984375 0.59375 0.133984375 0.0625
27 0.73515625 0.603125 0.1263671875 0.0625
27 0.26953125 0.775 0.1046875 0.0560546875
27 0.49765625 0.77265625 0.121875 0.0515625
27 0.73515625 0.7765625 0.1044921875 0.053125
27 0.2671875 0.93984375 0.121484375 0.0515625
27 0.49921875 0.94296875 0.1 0.0515625
27 0.734375 0.93359375 0.14375 0.0361328125
20 0.49921875 0.028125 0.69375 0.055859375