27 0.34921875 0.0359375 0.1173828125 0.0466796875
23 0.6421875 0.0375 0.0375 0.040625
23 0.69375 0.03828125 0.037890625 0.0361328125
28 0.69453125 0.0375 0.0484375 0.0439453125
26 0.5 0.40703125 0.112890625 0.0236328125
1 0.5 0.4078125 0.187109375 0.0625
36 0.50390625 0.22265625 0.3625 0.0828125
22 0.5015625 0.2671875 0.4626953125 0.3904296875
17 0.5 0.7296875 0.0154296875 0.5341796875
17 0.5 0.69921875 0.465625 0.0138671875
17 0.5 0.93515625 0.469140625 0.0109375
20 0.4984375 0.0359375 0.466015625 0.071875
27 0.3890625 0.5625 0.1435546875 0.0654296875
27 0.621875 0.5609375 0.1314453125 0.0876953125
27 0.62421875 0.8078125 0.134375 0.052734375
27 0.37890625 0.803125 0.10625 0.08125