1 0.29921875 0.01484375 0.0296875 0.0296875
15 0.36015625 0.015625 0.0640625 0.021875
23 0.4125 0.015625 0.01875 0.0158203125
23 0.4359375 0.015625 0.016015625 0.01875
27 0.684375 0.015625 0.068359375 0.0251953125
18 0.30390625 0.04140625 0.0236328125 0.0111328125
18 0.35703125 0.04140625 0.0609375 0.0138671875
18 0.41796875 0.04140625 0.0419921875 0.0138671875
28 0.5015625 0.040625 0.4279296875 0.0154296875
20 0.50078125 0.02578125 0.4625 0.0515625
6 0.5 0.215625 0.4376953125 0.244140625
6 0.5 0.06875 0.43125 0.024609375
7 0.5 0.35234375 0.4375 0.0173828125
22 0.5 0.49296875 0.4310546875 0.2451171875
36 0.50234375 0.56640625 0.41875 0.0201171875
15 0.3515625 0.8515625 0.122265625 0.196484375
15 0.575 0.778125 0.2845703125 0.1
15 0.575 0.90625 0.2845703125 0.1091796875
31 0.5 0.9796875 0.4595703125 0.040625