27 0.77265625 0.021875 0.0734375 0.0283203125
28 0.50078125 0.01796875 0.353125 0.01875
36 0.49921875 0.1375 0.2076171875 0.062890625
26 0.29453125 0.21484375 0.0263671875 0.0169921875
1 0.29375 0.21484375 0.069140625 0.0375
30 0.67734375 0.215625 0.0486328125 0.0126953125
23 0.7234375 0.215625 0.016015625 0.01875
2 0.5 0.215625 0.493359375 0.0466796875
22 0.50078125 0.15390625 0.9984375 0.3076171875
6 0.5 0.35703125 0.6091796875 0.0767578125
21 0.77578125 0.4265625 0.0544921875 0.028125
25 0.6546875 0.5203125 0.278515625 0.134375
8 0.39921875 0.47109375 0.0609375 0.0201171875
8 0.56640625 0.47109375 0.0890625 0.0205078125
8 0.25625 0.471875 0.0873046875 0.019140625
25 0.26875 0.4828125 0.1216796875 0.0595703125
25 0.4234375 0.484375 0.122265625 0.059375
8 0.23984375 0.59140625 0.0548828125 0.021875
8 0.396875 0.59140625 0.0591796875 0.021875
25 0.26796875 0.6046875 0.1232421875 0.059375
25 0.421875 0.603125 0.124609375 0.059375
21 0.5 0.7328125 0.099609375 0.01875
23 0.571875 0.77734375 0.034375 0.0330078125
23 0.778125 0.7765625 0.0314453125 0.034375
21 0.52578125 0.778125 0.0482421875 0.0248046875
21 0.7109375 0.7796875 0.0876953125 0.0248046875
6 0.29375 0.87578125 0.1876953125 0.2482421875
20 0.50078125 0.15390625 0.9953125 0.3078125