27 0.18203125 0.0234375 0.1078125 0.0220703125
1 0.721875 0.021875 0.0685546875 0.0220703125
23 0.703125 0.021875 0.0123046875 0.0123046875
26 0.73203125 0.021875 0.0328125 0.0091796875
26 0.78203125 0.021875 0.0294921875 0.0091796875
26 0.82265625 0.021875 0.0236328125 0.0064453125
1 0.7828125 0.02109375 0.0408203125 0.0234375
1 0.83984375 0.02109375 0.0705078125 0.0234375
36 0.50078125 0.17421875 0.5794921875 0.0375
1 0.5 0.265625 0.175 0.050390625
23 0.440625 0.26640625 0.0091796875 0.0107421875
26 0.5125 0.265625 0.10625 0.009375
20 0.5 0.021875 0.9998046875 0.0435546875
27 0.22421875 0.46796875 0.11875 0.0205078125
27 0.37578125 0.46875 0.096875 0.0279296875
27 0.49375 0.4671875 0.050390625 0.0529296875
27 0.6234375 0.4671875 0.1216796875 0.021484375
27 0.78046875 0.46875 0.1044921875 0.024609375
21 0.5 0.59375 0.394140625 0.0310546875
14 0.5 0.6546875 0.684375 0.040625
24 0.2296875 0.784375 0.1189453125 0.119140625
24 0.409375 0.78359375 0.11875 0.1205078125
24 0.58984375 0.78359375 0.11875 0.1173828125
24 0.7703125 0.784375 0.121484375 0.1189453125
21 0.22890625 0.87109375 0.0390625 0.0109375
21 0.41015625 0.8703125 0.0888671875 0.0123046875
21 0.5890625 0.87109375 0.0376953125 0.0109375
21 0.76953125 0.87109375 0.04375 0.0111328125
14 0.23046875 0.9140625 0.1330078125 0.059375
14 0.4109375 0.909375 0.128125 0.043359375
14 0.590625 0.90859375 0.134375 0.04375
14 0.76953125 0.915625 0.1451171875 0.0595703125
31 0.49921875 0.97734375 0.9984375 0.04375
26 0.94375 0.97890625 0.043359375 0.0125
1 0.9453125 0.978125 0.097265625 0.0310546875
23 0.8765625 0.978125 0.0154296875 0.0154296875
14 0.284375 0.97890625 0.5375 0.0109375