27 0.175 0.0171875 0.1029296875 0.0185546875
34 0.42734375 0.01640625 0.390625 0.0296875
18 0.60078125 0.0171875 0.0392578125 0.015234375
28 0.3421875 0.04296875 0.4345703125 0.015625
15 0.503125 0.0640625 0.756640625 0.01875
6 0.93125 0.27265625 0.100390625 0.3765625
6 0.06875 0.2734375 0.1001953125 0.375
29 0.49921875 0.4015625 0.1111328125 0.0154296875
6 0.34765625 0.31875 0.1421875 0.1283203125
11 0.1953125 0.31875 0.140625 0.128125
11 0.5 0.31953125 0.1404296875 0.1294921875
11 0.65390625 0.3171875 0.1392578125 0.1283203125
11 0.8046875 0.31875 0.140625 0.1251953125
20 0.496875 0.0375 0.99375 0.075
29 0.37578125 0.69296875 0.4357421875 0.0267578125
6 0.75390625 0.4984375 0.1859375 0.158984375
25 0.37265625 0.54375 0.49375 0.25
25 0.690625 0.6171875 0.1154296875 0.058984375
25 0.81796875 0.6171875 0.1142578125 0.0595703125
25 0.690625 0.7375 0.112890625 0.0595703125
25 0.8171875 0.7390625 0.115234375 0.0591796875
11 0.68984375 0.6421875 0.1138671875 0.108984375
11 0.81796875 0.64296875 0.1142578125 0.1078125
11 0.690625 0.76328125 0.112890625 0.1080078125
11 0.81796875 0.76328125 0.115625 0.1080078125
17 0.53125 0.85234375 0.596875 0.0107421875
11 0.19453125 0.93515625 0.1392578125 0.1265625
11 0.346875 0.93515625 0.140625 0.128125
11 0.50078125 0.9359375 0.1419921875 0.1279296875
11 0.65234375 0.9359375 0.1421875 0.1279296875
11 0.80390625 0.93515625 0.1390625 0.1296875