2 0.43359375 0.01953125 0.3765625 0.0267578125
27 0.175 0.015625 0.0939453125 0.0251953125
23 0.13515625 0.04765625 0.0140625 0.0236328125
37 0.23359375 0.10546875 0.2017578125 0.0986328125
1 0.19375 0.13359375 0.106640625 0.0265625
1 0.27421875 0.13203125 0.04375 0.015625
1 0.534375 0.13515625 0.137109375 0.0625
1 0.53359375 0.1984375 0.1375 0.0623046875
22 0.49765625 0.16875 0.99375 0.212890625
18 0.2734375 0.04765625 0.0564453125 0.0109375
28 0.4015625 0.05 0.3154296875 0.0123046875
28 0.76328125 0.05 0.1671875 0.0125
23 0.86484375 0.0484375 0.0201171875 0.0158203125
27 0.69609375 0.01796875 0.0671875 0.0267578125
1 0.79765625 0.01796875 0.1361328125 0.0203125
20 0.496875 0.03125 0.99375 0.0625
6 0.50078125 0.32734375 0.7419921875 0.059375
11 0.20078125 0.52421875 0.140625 0.2078125
11 0.35078125 0.52265625 0.1421875 0.2048828125
11 0.5 0.52421875 0.1408203125 0.2080078125
11 0.65 0.52265625 0.1376953125 0.2080078125
11 0.8 0.5234375 0.140625 0.208984375
6 0.5 0.78125 0.7376953125 0.2126953125