27 0.5015625 0.04375 0.1595703125 0.031640625
28 0.52734375 0.01015625 0.4326171875 0.0173828125
23 0.7171875 0.0421875 0.0189453125 0.021484375
26 0.784375 0.0421875 0.0498046875 0.0123046875
1 0.7828125 0.0421875 0.0845703125 0.01875
23 0.84921875 0.04140625 0.01875 0.01875
23 0.8796875 0.04140625 0.015625 0.015625
28 0.16484375 0.04296875 0.1142578125 0.0125
28 0.1203125 0.0734375 0.015234375 0.0126953125
28 0.50859375 0.07421875 0.7625 0.0142578125
28 0.390625 0.0953125 0.5564453125 0.0123046875
20 0.496875 0.053125 0.99375 0.10625
22 0.49921875 0.25078125 0.5861328125 0.1392578125
36 0.50078125 0.34609375 0.1076171875 0.021875
12 0.50078125 0.4234375 0.5892578125 0.18125
25 0.496875 0.6546875 0.193359375 0.2185546875
25 0.30078125 0.83359375 0.1861328125 0.1107421875
25 0.5 0.8328125 0.1875 0.1095703125
25 0.6984375 0.8328125 0.1876953125 0.1091796875
31 0.5 0.98125 1 0.0375
26 0.87265625 0.9765625 0.0638671875 0.0126953125
1 0.87265625 0.97578125 0.071875 0.025
26 0.95078125 0.97578125 0.0611328125 0.0107421875
1 0.9515625 0.97578125 0.0716796875 0.0232421875
6 0.6984375 0.73203125 0.190234375 0.0609375
21 0.30078125 0.6078125 0.1703125 0.06875