37 0.3328125 0.12109375 0.134375 0.0953125
1 0.33203125 0.1203125 0.1013671875 0.0216796875
1 0.33203125 0.14375 0.1017578125 0.0216796875
28 0.2890625 0.01484375 0.5314453125 0.0232421875
7 0.496875 0.03671875 0.99375 0.0265625
23 0.93125 0.01328125 0.01875 0.0173828125
25 0.50625 0.3578125 0.1970703125 0.1125
6 0.71875 0.6203125 0.1751953125 0.3435546875
15 0.284375 0.5875 0.2064453125 0.6095703125
15 0.50625 0.8046875 0.2216796875 0.208984375
21 0.5078125 0.45 0.2060546875 0.0625
14 0.50546875 0.57578125 0.2013671875 0.18125
6 0.72265625 0.8921875 0.1861328125 0.15625
6 0.5 0.18984375 0.65625 0.1546875
26 0.24921875 0.24453125 0.0642578125 0.0125
1 0.24921875 0.24453125 0.0890625 0.0263671875
20 0.5 0.05625 1 0.1123046875