36 0.525 0.35390625 0.8908203125 0.434375
22 0.5 0.503125 1 0.7751953125
31 0.5 0.97421875 1 0.0515625
1 0.95390625 0.9703125 0.0734375 0.0248046875
1 0.81015625 0.978125 0.0640625 0.012890625
23 0.04296875 0.96953125 0.01875 0.0205078125
14 0.41484375 0.97578125 0.653125 0.0330078125
27 0.065625 0.03125 0.040625 0.044140625
28 0.209375 0.01484375 0.21875 0.0171875
28 0.159375 0.04375 0.1125 0.015625
23 0.828125 0.04453125 0.0158203125 0.0201171875
23 0.85625 0.04453125 0.015625 0.0171875
1 0.89375 0.04296875 0.0435546875 0.0140625
20 0.50078125 0.04765625 0.9984375 0.0951171875
10 0.15703125 0.078125 0.1169921875 0.0154296875