22 0.5 0.21171875 1 0.2515625
27 0.77421875 0.02421875 0.2080078125 0.0421875
28 0.49765625 0.06796875 0.9951171875 0.0361328125
28 0.24140625 0.01640625 0.1796875 0.025
36 0.50078125 0.39609375 0.33125 0.059375
21 0.49453125 0.7375 0.2328125 0.0658203125
1 0.95546875 0.95859375 0.0296875 0.0328125
11 0.22890625 0.878125 0.18125 0.2
11 0.409375 0.878125 0.18125 0.1966796875
28 0.15703125 0.80625 0.025 0.025
28 0.340625 0.80703125 0.021875 0.0203125
28 0.52109375 0.80703125 0.0232421875 0.01875
8 0.26640625 0.84765625 0.084375 0.0326171875
20 0.5 0.04375 1 0.0875