27 0.12734375 0.03515625 0.0580078125 0.0267578125
2 0.5 0.03359375 0.4435546875 0.0361328125
28 0.50390625 0.08125 0.809375 0.025
28 0.38671875 0.11328125 0.3736328125 0.025
25 0.29765625 0.2421875 0.3892578125 0.228515625
25 0.6 0.20625 0.1876953125 0.156640625
11 0.6 0.3296875 0.193359375 0.0626953125
11 0.80234375 0.328125 0.1923828125 0.0658203125
11 0.803125 0.40078125 0.1908203125 0.0607421875
11 0.80078125 0.475 0.190625 0.059375
11 0.60078125 0.40234375 0.190625 0.0642578125
11 0.60078125 0.47421875 0.1892578125 0.0609375
11 0.4 0.4015625 0.187890625 0.0625
11 0.39921875 0.63515625 0.1892578125 0.1830078125
11 0.6015625 0.63515625 0.190625 0.1828125
15 0.3984375 0.87265625 0.1876953125 0.18125
20 0.49765625 0.0625 0.9953125 0.125
23 0.890625 0.03046875 0.019140625 0.01875