27 0.20625 0.06328125 0.2220703125 0.0640625
28 0.69453125 0.04921875 0.1421875 0.0298828125
23 0.7796875 0.0453125 0.0216796875 0.025
1 0.8515625 0.0453125 0.096875 0.033984375
1 0.82734375 0.07734375 0.0732421875 0.0171875
1 0.890625 0.07734375 0.024609375 0.0140625
36 0.221875 0.16796875 0.2501953125 0.04375
14 0.27109375 0.2015625 0.3451171875 0.0220703125
21 0.13671875 0.2671875 0.075 0.0283203125
20 0.49609375 0.0578125 0.9919921875 0.1154296875
1 0.1359375 0.30546875 0.077734375 0.0326171875
1 0.246875 0.30546875 0.0841796875 0.0169921875
1 0.43515625 0.396875 0.0826171875 0.0341796875
21 0.4578125 0.29296875 0.13125 0.0236328125
14 0.49453125 0.34296875 0.2046875 0.0359375
14 0.20078125 0.3953125 0.2107421875 0.0404296875
17 0.2078125 0.35390625 0.221484375 0.0109375
11 0.63515625 0.3609375 0.534375 0.2189453125
11 0.2265625 0.70390625 0.2560546875 0.228125
11 0.5 0.7046875 0.255859375 0.228515625
11 0.77265625 0.703125 0.25625 0.2279296875
19 0.5 0.9328125 1 0.134375
1 0.9484375 0.74921875 0.102734375 0.0455078125
23 0.9234375 0.7515625 0.01875 0.021875
26 0.96328125 0.75 0.0515625 0.0126953125
21 0.19375 0.56015625 0.19375 0.03125
1 0.14921875 0.7890625 0.0732421875 0.034765625
1 0.44453125 0.78828125 0.11875 0.0298828125
1 0.6875 0.79609375 0.0595703125 0.0142578125
14 0.17421875 0.71953125 0.1234375 0.0857421875
14 0.44375 0.7125 0.119140625 0.074609375
14 0.72109375 0.7015625 0.1263671875 0.053515625
14 0.70546875 0.63515625 0.096875 0.0625
14 0.4375 0.6359375 0.106640625 0.059765625
14 0.16484375 0.63515625 0.1046875 0.0576171875