27 0.0625 0.01953125 0.0529296875 0.028125
28 0.0234375 0.0203125 0.0126953125 0.015234375
28 0.38984375 0.0203125 0.5763671875 0.0154296875
18 0.65859375 0.01953125 0.0392578125 0.0138671875
23 0.86640625 0.01953125 0.015625 0.0171875
1 0.91953125 0.01953125 0.0798828125 0.025
7 0.4984375 0.05390625 0.9939453125 0.03125
29 0.20625 0.3125 0.019140625 0.128125
22 0.5109375 0.31171875 0.584765625 0.1265625
25 0.26796875 0.42734375 0.140625 0.0798828125
25 0.42265625 0.42734375 0.1419921875 0.0798828125
11 0.26796875 0.45078125 0.1421875 0.1267578125
11 0.421875 0.45078125 0.1435546875 0.128125
11 0.578125 0.45078125 0.143359375 0.128125
11 0.7328125 0.45078125 0.140625 0.1294921875
15 0.39765625 0.98046875 0.4015625 0.0390625
25 0.39609375 0.746875 0.4015625 0.303125
29 0.403125 0.9359375 0.215625 0.022265625
38 0.70625 0.81875 0.19375 0.109375