27 0.1796875 0.02265625 0.0310546875 0.0232421875
30 0.26484375 0.0234375 0.109375 0.015625
23 0.48125 0.02421875 0.019140625 0.015625
23 0.52109375 0.02265625 0.0142578125 0.01875
23 0.62578125 0.0234375 0.0171875 0.01875
23 0.65703125 0.0234375 0.0173828125 0.01875
23 0.26484375 0.45234375 0.015625 0.0142578125
23 0.4015625 0.453125 0.0189453125 0.015625
23 0.53671875 0.45234375 0.015625 0.0169921875
23 0.67265625 0.453125 0.0171875 0.0158203125
23 0.809375 0.453125 0.0158203125 0.0154296875
23 0.83125 0.51015625 0.0095703125 0.015625
24 0.2609375 0.72421875 0.021875 0.0263671875
8 0.35390625 0.55703125 0.1294921875 0.0173828125
25 0.21875 0.50234375 0.128125 0.1294921875
25 0.3546875 0.5015625 0.128515625 0.1283203125
25 0.490625 0.5015625 0.1314453125 0.1310546875
25 0.6265625 0.50078125 0.13125 0.1296875
25 0.7625 0.50234375 0.1310546875 0.1326171875
23 0.16171875 0.609375 0.009375 0.012109375
23 0.2 0.60859375 0.0091796875 0.0125
23 0.24765625 0.7765625 0.0140625 0.015234375
23 0.3609375 0.77578125 0.0154296875 0.0140625
23 0.47421875 0.7765625 0.0173828125 0.0154296875
23 0.58828125 0.77578125 0.015625 0.0138671875
23 0.70078125 0.7765625 0.015625 0.015234375
23 0.815625 0.77578125 0.015625 0.0140625
23 0.83359375 0.834375 0.0078125 0.012890625
23 0.82890625 0.72578125 0.00625 0.0109375
12 0.5 0.84921875 0.6966796875 0.2140625
26 0.6640625 0.9796875 0.0376953125 0.021484375
26 0.7359375 0.97890625 0.0345703125 0.0205078125
26 0.803125 0.9796875 0.0375 0.021484375
1 0.6640625 0.97890625 0.0689453125 0.0296875
1 0.7359375 0.97890625 0.0658203125 0.0298828125
1 0.80390625 0.97890625 0.0607421875 0.0298828125
21 0.20078125 0.725 0.0955078125 0.0185546875
20 0.4921875 0.03671875 0.6810546875 0.0734375
2 0.35234375 0.02265625 0.3013671875 0.0296875
25 0.16171875 0.05859375 0.0171875 0.0171875
25 0.20703125 0.05859375 0.01875 0.0171875
25 0.27109375 0.05859375 0.0173828125 0.0171875
25 0.33828125 0.05859375 0.0171875 0.0171875
25 0.4140625 0.05859375 0.0185546875 0.0173828125
25 0.50234375 0.05859375 0.0171875 0.0173828125
25 0.5890625 0.05859375 0.01875 0.01875
25 0.671875 0.05859375 0.0185546875 0.0173828125
25 0.759375 0.05859375 0.018359375 0.0173828125
26 0.79375 0.059375 0.0439453125 0.0189453125
26 0.7078125 0.059375 0.0498046875 0.019140625
26 0.6296875 0.059375 0.0591796875 0.0123046875
26 0.5453125 0.059375 0.0626953125 0.009375
26 0.45078125 0.059375 0.0486328125 0.01875
26 0.37578125 0.05859375 0.0517578125 0.009375
26 0.303125 0.059375 0.0435546875 0.012109375
26 0.23828125 0.05859375 0.0390625 0.009375
26 0.18359375 0.05859375 0.021875 0.0078125
28 0.4921875 0.06015625 0.6810546875 0.0267578125
6 0.49296875 0.16015625 0.4142578125 0.1548828125
24 0.1875 0.371875 0.031640625 0.031640625
24 0.35390625 0.371875 0.0357421875 0.0345703125
24 0.51875 0.37265625 0.037109375 0.034375
24 0.68359375 0.371875 0.034375 0.0345703125
8 0.2109375 0.75078125 0.103125 0.0140625
8 0.32421875 0.7515625 0.1044921875 0.0123046875
8 0.4375 0.75078125 0.1029296875 0.0125
8 0.54921875 0.75078125 0.1044921875 0.0138671875
8 0.6640625 0.75078125 0.103125 0.0142578125
8 0.77734375 0.75078125 0.1044921875 0.0140625
1 0.821875 0.93828125 0.03125 0.0330078125
26 0.79375 0.725 0.0591796875 0.0154296875
14 0.3921875 0.9796875 0.453515625 0.034375