27 0.675 0.03515625 0.075390625 0.0357421875
28 0.390625 0.034375 0.0404296875 0.0376953125
23 0.38984375 0.0359375 0.0357421875 0.033984375
17 0.34921875 0.034375 0.01875 0.06875
22 0.5 0.28046875 0.4654296875 0.4201171875
36 0.496875 0.1390625 0.250390625 0.0939453125
1 0.39375 0.38671875 0.2 0.0580078125
27 0.325 0.38515625 0.0408203125 0.046875
27 0.54140625 0.38515625 0.0361328125 0.0453125
1 0.60625 0.38515625 0.2 0.0638671875
21 0.5078125 0.60859375 0.1904296875 0.0576171875
20 0.49765625 0.0359375 0.4705078125 0.071875
17 0.503125 0.65390625 0.1060546875 0.0142578125
14 0.5046875 0.76875 0.441015625 0.1783203125
14 0.5 0.9390625 0.437109375 0.0689453125