36 0.7421875 0.09453125 0.0998046875 0.0455078125
1 0.62265625 0.25546875 0.109375 0.034375
1 0.7359375 0.25625 0.1091796875 0.0341796875
28 0.146875 0.01640625 0.2154296875 0.0201171875
14 0.72734375 0.17265625 0.1232421875 0.0296875
14 0.7390625 0.2046875 0.109375 0.0220703125
22 0.50078125 0.1859375 0.9984375 0.316015625
21 0.44609375 0.41796875 0.1013671875 0.0361328125
14 0.35625 0.5515625 0.2783203125 0.15625
25 0.6828125 0.51953125 0.202734375 0.2359375
17 0.4734375 0.446875 0.0439453125 0.0091796875
20 0.5 0.01484375 1 0.0296875