27 0.23359375 0.04296875 0.08125 0.0375
28 0.49921875 0.090625 0.5986328125 0.046875
2 0.45859375 0.04375 0.29375 0.0341796875
1 0.6625 0.04375 0.0970703125 0.031640625
25 0.396875 0.41875 0.399609375 0.2654296875
38 0.65390625 0.325 0.0857421875 0.0591796875
38 0.65390625 0.38984375 0.084375 0.053125
38 0.653125 0.45625 0.0873046875 0.0564453125
38 0.653125 0.52265625 0.084375 0.0546875
38 0.65390625 0.58828125 0.084375 0.0544921875
38 0.6546875 0.653125 0.0841796875 0.0533203125
11 0.70625 0.325 0.196875 0.06875
11 0.70546875 0.3921875 0.1986328125 0.0595703125
11 0.70546875 0.45625 0.1984375 0.062890625
11 0.70546875 0.521875 0.1953125 0.068359375
11 0.70625 0.58984375 0.2029296875 0.0640625
11 0.70390625 0.65390625 0.2013671875 0.0607421875