6 0.5 0.11328125 0.6064453125 0.1580078125
27 0.25625 0.23984375 0.1095703125 0.0419921875
26 0.69453125 0.015625 0.0455078125 0.012890625
1 0.6921875 0.015625 0.083984375 0.0220703125
1 0.77265625 0.015625 0.0298828125 0.0154296875
18 0.4109375 0.01484375 0.0625 0.0111328125
18 0.47734375 0.01484375 0.0513671875 0.0138671875
23 0.20078125 0.015625 0.015625 0.0158203125
23 0.25546875 0.015625 0.0169921875 0.015625
23 0.3125 0.01640625 0.01875 0.0173828125
23 0.36875 0.015625 0.0158203125 0.0158203125
28 0.34921875 0.015625 0.3201171875 0.0251953125
25 0.34609375 0.11328125 0.2984375 0.1544921875
8 0.20625 0.04375 0.0158203125 0.0095703125
1 0.746875 0.165625 0.074609375 0.0216796875
23 0.778125 0.1671875 0.009375 0.0126953125
23 0.58125 0.23828125 0.0158203125 0.0169921875
26 0.45859375 0.23828125 0.0375 0.0111328125
2 0.5125 0.2390625 0.1689453125 0.022265625
23 0.61171875 0.2390625 0.0078125 0.009765625
23 0.6359375 0.2390625 0.0123046875 0.0095703125
23 0.6609375 0.2390625 0.0123046875 0.0123046875
23 0.68828125 0.23828125 0.028125 0.01875
1 0.6109375 0.2390625 0.0216796875 0.021875
1 0.6359375 0.23828125 0.0216796875 0.0234375
1 0.66015625 0.23828125 0.0205078125 0.0232421875
18 0.21640625 0.28359375 0.0328125 0.0125
18 0.35703125 0.28359375 0.071875 0.0107421875
18 0.4234375 0.28359375 0.046484375 0.0107421875
18 0.4765625 0.28359375 0.0466796875 0.0107421875
18 0.52734375 0.28359375 0.0361328125 0.0107421875
18 0.5671875 0.28359375 0.0279296875 0.009375
18 0.61015625 0.28359375 0.0423828125 0.0109375
18 0.67578125 0.28359375 0.071875 0.009375
28 0.49375 0.284375 0.5966796875 0.01875
8 0.23984375 0.3171875 0.0734375 0.015234375
36 0.37265625 0.346875 0.35 0.04375
14 0.5078125 0.4 0.183984375 0.0498046875
34 0.71328125 0.3140625 0.1875 0.0248046875
8 0.44921875 0.55234375 0.0736328125 0.0125
8 0.44921875 0.65546875 0.0734375 0.0138671875
25 0.30703125 0.4484375 0.2048828125 0.1470703125
25 0.36171875 0.57890625 0.05625 0.0576171875
25 0.571875 0.575 0.0564453125 0.0564453125
25 0.3609375 0.67734375 0.05625 0.05625
25 0.57109375 0.67734375 0.0548828125 0.05625
25 0.3609375 0.7734375 0.0560546875 0.0560546875
25 0.225 0.8703125 0.0345703125 0.0345703125
23 0.590625 0.8703125 0.0064453125 0.009765625
1 0.58984375 0.8703125 0.0201171875 0.01875
20 0.5 0.253125 0.6126953125 0.090625
23 0.2078125 0.6203125 0.008984375 0.008984375
23 0.41875 0.6203125 0.0091796875 0.009375
23 0.41796875 0.71484375 0.0078125 0.009375
23 0.20859375 0.71484375 0.009375 0.0078125
23 0.20859375 0.8125 0.0078125 0.0064453125
11 0.29609375 0.58671875 0.2048828125 0.0984375
11 0.50625 0.58671875 0.205859375 0.096875
11 0.29609375 0.68515625 0.2048828125 0.0921875
11 0.50625 0.68515625 0.2060546875 0.090625
11 0.29609375 0.78125 0.2048828125 0.09375
26 0.76640625 0.97421875 0.0232421875 0.0125
1 0.76640625 0.97578125 0.0796875 0.03125
21 0.67109375 0.9203125 0.0861328125 0.0158203125
21 0.234375 0.91953125 0.0875 0.0234375
31 0.5 0.9734375 0.9970703125 0.053125
1 0.165625 0.97890625 0.053125 0.0111328125
1 0.21953125 0.97890625 0.0515625 0.0111328125
1 0.27890625 0.97890625 0.05 0.009375
14 0.28359375 0.96484375 0.5328125 0.0138671875