27 0.84375 0.0125 0.068359375 0.018359375
6 0.5 0.18125 0.3751953125 0.2125
28 0.52109375 0.01171875 0.4671875 0.0142578125
28 0.53203125 0.0390625 0.3888671875 0.0154296875
6 0.1578125 0.47109375 0.0654296875 0.0484375
6 0.15625 0.528125 0.0626953125 0.050390625
6 0.49921875 0.97421875 0.6078125 0.0515625
38 0.646875 0.4375 0.3123046875 0.1779296875
38 0.72734375 0.62265625 0.1484375 0.0859375
38 0.728125 0.7609375 0.1501953125 0.0873046875
38 0.72890625 0.89296875 0.1513671875 0.0861328125
28 0.51875 0.32890625 0.430859375 0.0138671875