27 0.5015625 0.0390625 0.115234375 0.0283203125
28 0.184375 0.21796875 0.0783203125 0.278125
2 0.21640625 0.0390625 0.1390625 0.01875
30 0.1734375 0.0390625 0.0470703125 0.0125
1 0.27734375 0.03828125 0.0142578125 0.0173828125
23 0.27734375 0.03984375 0.009375 0.009375
23 0.9890625 0.009375 0.0125 0.0123046875
20 0.496875 0.03046875 0.99375 0.0607421875
25 0.540625 0.15625 0.1875 0.1435546875
15 0.325 0.20234375 0.1595703125 0.2013671875
25 0.28046875 0.36953125 0.06875 0.0703125
25 0.36171875 0.36875 0.0701171875 0.06875
25 0.440625 0.36953125 0.0685546875 0.0671875
25 0.5203125 0.36953125 0.066015625 0.06875
25 0.60078125 0.3703125 0.0673828125 0.0689453125
15 0.32421875 0.58671875 0.1578125 0.1955078125
8 0.3890625 0.52734375 0.009375 0.009375
8 0.38203125 0.5109375 0.0107421875 0.0095703125
8 0.3828125 0.49453125 0.009765625 0.009375
8 0.58046875 0.49453125 0.0080078125 0.009375
8 0.5828125 0.5109375 0.009375 0.0095703125
8 0.5875 0.54375 0.0091796875 0.009375
8 0.5890625 0.56015625 0.0095703125 0.009375