6 0.50078125 0.0453125 0.78125 0.077734375
26 0.7921875 0.0453125 0.0435546875 0.021875
1 0.7921875 0.04609375 0.141015625 0.0328125
27 0.21796875 0.11171875 0.2169921875 0.0392578125
6 0.575 0.22421875 0.637109375 0.1544921875
6 0.784375 0.3890625 0.1908203125 0.159375
25 0.4546875 0.40859375 0.3998046875 0.1875
25 0.35 0.6828125 0.187890625 0.0875
25 0.55859375 0.6828125 0.1890625 0.090234375
25 0.178125 0.6375 0.124609375 0.0751953125
6 0.49921875 0.88984375 0.7796875 0.1576171875
28 0.175 0.38828125 0.125390625 0.2736328125
21 0.43828125 0.53125 0.3671875 0.0435546875
26 0.134375 0.53828125 0.0283203125 0.009375
23 0.19296875 0.53828125 0.0109375 0.015625
2 0.15 0.53828125 0.0716796875 0.0169921875
28 0.22109375 0.58984375 0.0326171875 0.0109375
23 0.54609375 0.1109375 0.0169921875 0.0185546875
23 0.62890625 0.11015625 0.0169921875 0.0169921875
23 0.66875 0.1109375 0.015625 0.016015625
23 0.7078125 0.11015625 0.0154296875 0.0169921875