27 0.05390625 0.01875 0.09375 0.0345703125
34 0.5 0.06015625 0.634375 0.0236328125
30 0.396875 0.01953125 0.1751953125 0.0171875
2 0.5015625 0.01953125 0.4501953125 0.03125
23 0.75859375 0.01953125 0.0201171875 0.0236328125
23 0.78984375 0.0203125 0.0203125 0.01875
23 0.90703125 0.02109375 0.0203125 0.01875
1 0.9578125 0.0203125 0.0654296875 0.028515625
36 0.19296875 0.09375 0.1107421875 0.0279296875
20 0.5 0.03515625 1 0.0703125
1 0.565625 0.36171875 0.0814453125 0.0263671875
1 0.56640625 0.56875 0.0830078125 0.0248046875
21 0.19296875 0.1546875 0.0828125 0.0220703125
21 0.67421875 0.15625 0.0830078125 0.0216796875