27 0.16953125 0.04609375 0.1296875 0.0298828125
23 0.109375 0.0125 0.0095703125 0.0125
26 0.87265625 0.0109375 0.0453125 0.009375
1 0.87265625 0.01171875 0.0578125 0.0201171875
28 0.38671875 0.0125 0.5703125 0.012109375
23 0.86484375 0.046875 0.021875 0.019140625
26 0.88671875 0.046875 0.0171875 0.012109375
1 0.8765625 0.04609375 0.052734375 0.0203125
26 0.815625 0.046875 0.025390625 0.0095703125
1 0.81484375 0.046875 0.046875 0.0189453125
23 0.6609375 0.04765625 0.01875 0.0142578125
1 0.6625 0.046875 0.0595703125 0.025390625
2 0.47421875 0.046875 0.4361328125 0.030859375
28 0.36953125 0.08125 0.5357421875 0.019140625
25 0.2828125 0.1859375 0.328125 0.1876953125
26 0.78828125 0.29296875 0.0513671875 0.0109375
1 0.7875 0.29296875 0.078125 0.021875
36 0.55078125 0.140625 0.1580078125 0.0560546875
23 0.48203125 0.2578125 0.015625 0.0185546875
25 0.17109375 0.3109375 0.1078125 0.0501953125
25 0.28203125 0.3109375 0.1076171875 0.0529296875
25 0.39453125 0.3109375 0.1046875 0.0529296875
25 0.615625 0.3109375 0.1060546875 0.052734375
25 0.1875 0.4125 0.1376953125 0.078125
25 0.1875 0.50703125 0.140625 0.078125
25 0.18671875 0.625 0.1388671875 0.124609375
25 0.29453125 0.6625 0.0455078125 0.044140625
25 0.47890625 0.66328125 0.0455078125 0.046875
25 0.18671875 0.74296875 0.1390625 0.0794921875
25 0.1875 0.8609375 0.137890625 0.1220703125
25 0.29453125 0.89921875 0.046875 0.0482421875
20 0.5 0.04609375 1 0.0921875
6 0.7875 0.20625 0.187890625 0.228125
21 0.4234375 0.4 0.3091796875 0.028125
14 0.45390625 0.43125 0.3669921875 0.0251953125