27 0.25859375 0.0390625 0.1298828125 0.0314453125
30 0.68828125 0.01015625 0.040625 0.009375
23 0.79609375 0.0109375 0.0107421875 0.0095703125
1 0.7953125 0.0109375 0.016015625 0.016015625
2 0.73515625 0.01015625 0.1361328125 0.0169921875
28 0.42734375 0.01015625 0.4642578125 0.0109375
30 0.23203125 0.07265625 0.0611328125 0.0107421875
23 0.38515625 0.0734375 0.0140625 0.0123046875
2 0.29765625 0.07265625 0.1984375 0.01875
23 0.7953125 0.07265625 0.0158203125 0.0125
15 0.32265625 0.228125 0.2625 0.181640625
8 0.34609375 0.15 0.01875 0.0095703125
8 0.36171875 0.1890625 0.0171875 0.0123046875
28 0.41640625 0.0984375 0.4486328125 0.022265625
28 0.40078125 0.1234375 0.4203125 0.025
25 0.5328125 0.209375 0.1376953125 0.078125
25 0.4015625 0.46484375 0.4001953125 0.2265625
15 0.715625 0.7171875 0.1935546875 0.325
20 0.49921875 0.04375 0.6203125 0.0841796875