27 0.1328125 0.040625 0.0904296875 0.0220703125
28 0.2234375 0.0109375 0.4373046875 0.0158203125
28 0.43515625 0.06953125 0.68125 0.0265625
20 0.5 0.0421875 1 0.0841796875
25 0.14921875 0.5578125 0.1142578125 0.0810546875
14 0.28671875 0.54296875 0.1390625 0.0548828125
21 0.19296875 0.49140625 0.2076171875 0.0357421875
25 0.15 0.6484375 0.115625 0.0810546875
14 0.278125 0.63046875 0.1279296875 0.0548828125
25 0.24921875 0.2515625 0.3107421875 0.2533203125
2 0.84765625 0.03984375 0.1205078125 0.0205078125
6 0.83203125 0.253125 0.1486328125 0.2533203125