6 0.49921875 0.14375 0.7515625 0.2873046875
29 0.80390625 0.259375 0.1203125 0.0220703125
32 0.75546875 0.259375 0.0111328125 0.0123046875
32 0.7796875 0.2578125 0.009765625 0.0123046875
23 0.15 0.146875 0.025390625 0.0376953125
23 0.85 0.1484375 0.0279296875 0.0408203125
18 0.5546875 0.30546875 0.0595703125 0.0232421875
18 0.63125 0.30390625 0.04375 0.015625
28 0.2875 0.30546875 0.328125 0.0375
25 0.25546875 0.38203125 0.2607421875 0.1013671875
25 0.5265625 0.38125 0.2595703125 0.1001953125
25 0.25625 0.57421875 0.262109375 0.1015625
25 0.5265625 0.575 0.2623046875 0.1033203125
15 0.77421875 0.4078125 0.2109375 0.1564453125
34 0.77578125 0.52890625 0.209375 0.0330078125
15 0.7796875 0.67109375 0.21875 0.2455078125
13 0.3921875 0.51484375 0.5314453125 0.3765625
6 0.30703125 0.79453125 0.3669921875 0.1578125
32 0.39453125 0.846875 0.0109375 0.0126953125
32 0.41875 0.846875 0.0125 0.0123046875
29 0.43125 0.84765625 0.0908203125 0.0140625