27 0.1859375 0.028125 0.2001953125 0.037890625
26 0.8328125 0.02734375 0.041015625 0.0140625
26 0.8875 0.0265625 0.03125 0.0123046875
1 0.83203125 0.0265625 0.0546875 0.0279296875
1 0.8875 0.0265625 0.0466796875 0.0279296875
23 0.5078125 0.0203125 0.0158203125 0.0158203125
23 0.5609375 0.0203125 0.01875 0.015625
23 0.61328125 0.01953125 0.0171875 0.015625
23 0.66484375 0.0203125 0.021875 0.016015625
23 0.7171875 0.0203125 0.016015625 0.0158203125
23 0.77109375 0.0203125 0.015625 0.016015625
26 0.5078125 0.03515625 0.041015625 0.0111328125
26 0.56015625 0.0359375 0.0205078125 0.0091796875
26 0.6140625 0.0359375 0.0408203125 0.009765625
26 0.66640625 0.03515625 0.0482421875 0.009375
26 0.71796875 0.03515625 0.0484375 0.0107421875
26 0.771875 0.03515625 0.0470703125 0.0111328125
30 0.8359375 0.06953125 0.06875 0.0109375
23 0.89765625 0.06953125 0.01875 0.0142578125
2 0.85390625 0.06953125 0.1138671875 0.0203125
28 0.43515625 0.06953125 0.6984375 0.021875
6 0.39453125 0.3375 0.6111328125 0.0498046875
25 0.33828125 0.4234375 0.096875 0.0623046875
25 0.65078125 0.42265625 0.096875 0.0625
25 0.33828125 0.5234375 0.0984375 0.0626953125
25 0.65078125 0.5234375 0.0982421875 0.0626953125
25 0.3375 0.61484375 0.0939453125 0.0576171875
25 0.6515625 0.615625 0.0970703125 0.0623046875
25 0.58359375 0.74921875 0.234375 0.146875
25 0.65 0.884375 0.096875 0.0623046875
25 0.65078125 0.971875 0.1013671875 0.055859375
31 0.228125 0.94140625 0.2966796875 0.0982421875
26 0.284375 0.9671875 0.0625 0.0154296875
26 0.34609375 0.9671875 0.0294921875 0.0126953125
1 0.284375 0.9671875 0.0783203125 0.028515625
1 0.34609375 0.9671875 0.0390625 0.0279296875
8 0.41640625 0.896875 0.0267578125 0.0123046875
8 0.103125 0.73203125 0.030859375 0.0138671875
20 0.49765625 0.04609375 0.99375 0.0794921875