27 0.17578125 0.03359375 0.0763671875 0.028125
2 0.528125 0.0328125 0.515625 0.03125
23 0.28828125 0.03125 0.0142578125 0.018359375
30 0.33046875 0.03125 0.059375 0.0158203125
23 0.76875 0.0328125 0.015625 0.0154296875
23 0.81171875 0.03359375 0.0138671875 0.015625
1 0.828125 0.03203125 0.050390625 0.0232421875
28 0.5015625 0.0796875 0.7283203125 0.021484375
6 0.50078125 0.109375 0.7232421875 0.0283203125
25 0.30390625 0.27265625 0.3296875 0.1826171875
25 0.56875 0.22109375 0.140625 0.0826171875
2 0.56953125 0.37734375 0.140625 0.0794921875
2 0.22109375 0.5453125 0.1548828125 0.1033203125
2 0.39140625 0.5453125 0.1576171875 0.10625
2 0.19375 0.76484375 0.103125 0.0701171875
2 0.44921875 0.85859375 0.1017578125 0.06875
2 0.44921875 0.946875 0.1015625 0.0689453125
20 0.5 0.04921875 1 0.0921875
17 0.76484375 0.14921875 0.2013671875 0.01875
23 0.68203125 0.18046875 0.0265625 0.0265625
23 0.72109375 0.18125 0.0296875 0.028125
23 0.76015625 0.18046875 0.0234375 0.0296875
21 0.75703125 0.2140625 0.1767578125 0.016015625