6 0.49921875 0.1875 0.7015625 0.375
28 0.1359375 0.38828125 0.009765625 0.0080078125
23 0.1609375 0.38828125 0.0095703125 0.0107421875
28 0.5 0.3875 0.1720703125 0.0123046875
26 0.76796875 0.3875 0.103125 0.012109375
26 0.85078125 0.38671875 0.0263671875 0.009375
1 0.76875 0.3875 0.118359375 0.01875
1 0.85078125 0.38671875 0.040625 0.0173828125
15 0.840625 0.4125 0.069140625 0.0158203125
27 0.5 0.41796875 0.2748046875 0.0390625
28 0.5015625 0.45234375 0.6841796875 0.0171875
21 0.20234375 0.50234375 0.1580078125 0.0484375
14 0.21328125 0.578125 0.1890625 0.0970703125
25 0.48125 0.5859375 0.3251953125 0.216015625
25 0.76953125 0.546875 0.2111328125 0.140625
21 0.75625 0.65 0.1873046875 0.053125
14 0.76328125 0.69140625 0.2 0.0236328125
21 0.21484375 0.7484375 0.1830078125 0.0251953125
14 0.2109375 0.7890625 0.178125 0.0466796875
14 0.21484375 0.89609375 0.1828125 0.046875
21 0.203125 0.85625 0.159375 0.025390625
21 0.2046875 0.9640625 0.1595703125 0.0279296875
25 0.48046875 0.84375 0.328125 0.2189453125
25 0.7125 0.765625 0.0939453125 0.062890625
25 0.82734375 0.765625 0.0953125 0.062890625
25 0.8609375 0.90234375 0.028515625 0.028125
25 0.86171875 0.96171875 0.0267578125 0.0267578125