27 0.08984375 0.01640625 0.0765625 0.021875
28 0.36171875 0.01640625 0.2546875 0.0205078125
26 0.51953125 0.0171875 0.0330078125 0.0123046875
1 0.51953125 0.01640625 0.0451171875 0.021875
18 0.853125 0.01640625 0.056640625 0.0138671875
1 0.90546875 0.0171875 0.0267578125 0.009375
23 0.93515625 0.01640625 0.0232421875 0.021875
7 0.496875 0.05546875 0.99375 0.040625
20 0.49609375 0.01640625 0.9921875 0.0328125
22 0.5 0.53671875 1 0.9265625
36 0.215625 0.50703125 0.268359375 0.0701171875
14 0.21328125 0.5734375 0.2611328125 0.033984375
26 0.14609375 0.6125 0.0328125 0.012890625
26 0.2859375 0.61171875 0.083984375 0.0125
1 0.14609375 0.61171875 0.125 0.025
1 0.28515625 0.61171875 0.1263671875 0.0265625
1 0.18125 0.64921875 0.203125 0.015625