20 0.5 0.01171875 1 0.0234375
28 0.1640625 0.01015625 0.3154296875 0.01875
34 0.49765625 0.0953125 0.1013671875 0.0279296875
26 0.4640625 0.12421875 0.127734375 0.0138671875
26 0.42421875 0.16796875 0.0453125 0.0111328125
2 0.50078125 0.14296875 0.1982421875 0.0232421875
2 0.50078125 0.18828125 0.196875 0.0234375
1 0.49921875 0.2171875 0.196875 0.0220703125
26 0.5 0.2171875 0.0560546875 0.009765625
26 0.49921875 0.24296875 0.0892578125 0.0111328125
23 0.41875 0.2421875 0.012890625 0.0125
1 0.5 0.24296875 0.1966796875 0.021875
1 0.5 0.26796875 0.046875 0.0138671875
1 0.5 0.3125 0.062109375 0.0220703125
23 0.43046875 0.33984375 0.0171875 0.0171875
23 0.465625 0.33984375 0.0185546875 0.0173828125
23 0.5 0.33984375 0.018359375 0.0173828125
23 0.53515625 0.33984375 0.0173828125 0.0173828125
23 0.56953125 0.340625 0.0171875 0.018359375
18 0.93359375 0.0109375 0.0546875 0.015234375