31 0.8875 0.48828125 0.2125 0.2767578125
1 0.890625 0.56015625 0.087890625 0.0171875
23 0.871875 0.559375 0.006640625 0.0064453125
26 0.89296875 0.5859375 0.028125 0.009765625
26 0.89765625 0.56015625 0.0328125 0.0080078125
26 0.8875 0.60703125 0.0470703125 0.0080078125
1 0.8921875 0.5859375 0.1845703125 0.015625
21 0.88046875 0.36640625 0.1732421875 0.0125
14 0.88203125 0.42421875 0.1765625 0.0890625
34 0.5015625 0.0765625 0.0626953125 0.0185546875
26 0.47109375 0.0984375 0.1 0.008984375
2 0.5 0.1140625 0.1564453125 0.016015625
26 0.4375 0.134375 0.031640625 0.0091796875
2 0.5 0.14921875 0.15625 0.0171875
26 0.50078125 0.17265625 0.0455078125 0.0076171875
1 0.5 0.1734375 0.1560546875 0.016015625
26 0.5 0.19375 0.0716796875 0.006640625
23 0.43515625 0.19296875 0.009375 0.009375
1 0.5 0.19296875 0.15625 0.0171875
1 0.5 0.21328125 0.040625 0.0109375
1 0.5 0.2484375 0.0470703125 0.0158203125
26 0.50078125 0.2484375 0.0267578125 0.008984375
23 0.44453125 0.2703125 0.0138671875 0.015234375
23 0.47265625 0.2703125 0.0140625 0.015234375
23 0.5 0.2703125 0.0125 0.0125
23 0.528125 0.2703125 0.0126953125 0.0125
23 0.55546875 0.2703125 0.0140625 0.0126953125
31 0.5 0.0140625 1 0.028125