27 0.1328125 0.0734375 0.0376953125 0.0279296875
6 0.49921875 0.025 0.9955078125 0.05
23 0.35703125 0.075 0.015625 0.0216796875
23 0.4625 0.07421875 0.0185546875 0.0201171875
23 0.5578125 0.075 0.016015625 0.0189453125
23 0.61328125 0.075 0.0169921875 0.01875
1 0.73125 0.07421875 0.0875 0.0267578125
1 0.83515625 0.075 0.0984375 0.0279296875
26 0.73046875 0.0734375 0.0296875 0.0123046875
26 0.84453125 0.07421875 0.0484375 0.0140625
23 0.8109375 0.07421875 0.0154296875 0.0140625
30 0.21875 0.1390625 0.1373046875 0.016015625
23 0.8421875 0.13984375 0.0220703125 0.0201171875
1 0.84140625 0.13984375 0.0388671875 0.0390625
2 0.50078125 0.140625 0.7234375 0.043359375
20 0.5 0.12734375 0.9966796875 0.2546875
31 0.49921875 0.96484375 0.8517578125 0.040625
28 0.5 0.2078125 0.68125 0.0779296875
28 0.51015625 0.075 0.3375 0.0375
21 0.16875 0.4828125 0.065625 0.0185546875
25 0.23046875 0.62421875 0.1798828125 0.2453125
25 0.41015625 0.56953125 0.1798828125 0.134375
25 0.409375 0.69296875 0.1810546875 0.1109375
25 0.590625 0.55625 0.1783203125 0.1125
25 0.58984375 0.68125 0.1798828125 0.137109375
26 0.5625 0.9046875 0.04375 0.0126953125
1 0.5625 0.90390625 0.0779296875 0.0234375
26 0.19140625 0.890625 0.0330078125 0.0095703125
1 0.1921875 0.890625 0.077734375 0.0248046875
26 0.78984375 0.9640625 0.0326171875 0.0095703125
1 0.78984375 0.96484375 0.053125 0.0234375