27 0.2203125 0.0609375 0.1 0.0314453125
28 0.50078125 0.0171875 0.69375 0.0341796875
18 0.7625 0.015625 0.044140625 0.0189453125
1 0.60234375 0.06015625 0.1328125 0.0388671875
26 0.6015625 0.059375 0.096875 0.01875
26 0.73671875 0.0609375 0.0892578125 0.0158203125
1 0.73515625 0.05859375 0.1263671875 0.0390625
28 0.81796875 0.06015625 0.0265625 0.0263671875
20 0.5 0.04453125 0.69375 0.0890625
32 0.23125 0.16875 0.1001953125 0.0126953125
36 0.28984375 0.23359375 0.2111328125 0.0673828125
25 0.69375 0.27890625 0.3091796875 0.378125
14 0.346875 0.3171875 0.3251953125 0.0748046875
26 0.2546875 0.38203125 0.1033203125 0.0173828125
1 0.253125 0.3828125 0.1345703125 0.033984375
1 0.396875 0.38203125 0.1220703125 0.0236328125
6 0.50078125 0.584375 0.6892578125 0.2341796875
15 0.62578125 0.91796875 0.2142578125 0.1640625
35 0.284375 0.64453125 0.0935546875 0.0330078125
35 0.38203125 0.6453125 0.0767578125 0.033984375
35 0.4671875 0.6453125 0.0720703125 0.0341796875
35 0.57890625 0.6453125 0.1294921875 0.033984375
35 0.70546875 0.6453125 0.1044921875 0.033984375
1 0.80546875 0.9578125 0.0544921875 0.0533203125