27 0.121875 0.01796875 0.0658203125 0.0265625
28 0.50390625 0.01640625 0.5736328125 0.0173828125
23 0.86171875 0.01875 0.0142578125 0.0125
23 0.89140625 0.01875 0.0140625 0.0158203125
15 0.3921875 0.075 0.6001953125 0.0185546875
6 0.5 0.18046875 0.6064453125 0.1578125
29 0.45859375 0.54921875 0.309375 0.0140625
25 0.21953125 0.31015625 0.128125 0.0734375
25 0.459375 0.41875 0.33125 0.293359375
25 0.2203125 0.46015625 0.1279296875 0.0732421875
11 0.21953125 0.34296875 0.128125 0.1419921875
11 0.2203125 0.49375 0.1283203125 0.143359375
11 0.73984375 0.29921875 0.2080078125 0.0513671875
11 0.7390625 0.359375 0.209375 0.05
11 0.7390625 0.41875 0.2091796875 0.0501953125
11 0.73828125 0.478125 0.2080078125 0.0501953125
11 0.7390625 0.53828125 0.2095703125 0.0515625
21 0.21796875 0.7640625 0.0640625 0.0216796875
11 0.675 0.83828125 0.337109375 0.0984375