7 0.5 0.01328125 0.9998046875 0.0263671875
1 0.63359375 0.01328125 0.0390625 0.01875
27 0.5 0.18828125 0.087109375 0.0388671875
14 0.5 0.2140625 0.1095703125 0.0123046875
1 0.49921875 0.24453125 0.15 0.0232421875
1 0.5 0.26875 0.1498046875 0.0220703125
14 0.5015625 0.29140625 0.097265625 0.0109375
23 0.4640625 0.31328125 0.01875 0.021875
23 0.4875 0.3140625 0.021875 0.0189453125
23 0.51171875 0.3140625 0.0203125 0.021484375
23 0.53515625 0.3140625 0.0203125 0.021484375
2 0.18125 0.04296875 0.25 0.0201171875
22 0.5 0.32421875 1 0.5953125