36 0.5 0.025 0.6966796875 0.05
28 0.17421875 0.07109375 0.0173828125 0.0171875
27 0.496875 0.0734375 0.065625 0.0248046875
1 0.78125 0.07109375 0.049609375 0.028125
23 0.828125 0.071875 0.0185546875 0.0220703125
1 0.33203125 0.15546875 0.334375 0.0296875
1 0.66796875 0.15625 0.3330078125 0.0310546875
34 0.4984375 0.20625 0.696875 0.037890625
14 0.42734375 0.10859375 0.5296875 0.0169921875
20 0.5 0.13828125 0.6970703125 0.1767578125
25 0.3265625 0.44453125 0.35 0.3517578125
25 0.675 0.44453125 0.2279296875 0.3484375
21 0.23671875 0.25078125 0.1486328125 0.0263671875
1 0.60546875 0.02578125 0.0671875 0.034375