8 0.94453125 0.04296875 0.059375 0.0171875
27 0.0515625 0.015625 0.047265625 0.019140625
18 0.115625 0.015625 0.0716796875 0.024609375
23 0.91640625 0.01640625 0.0125 0.0142578125
23 0.95859375 0.015625 0.0111328125 0.012890625
1 0.90390625 0.01640625 0.0423828125 0.01875
1 0.95 0.015625 0.037109375 0.01875
17 0.928125 0.01640625 0.005859375 0.0169921875
17 0.87890625 0.01640625 0.0044921875 0.015625
1 0.8625 0.01640625 0.025 0.0111328125
30 0.21484375 0.01640625 0.0951171875 0.0111328125
18 0.08203125 0.04296875 0.0982421875 0.0125
28 0.32734375 0.04296875 0.5953125 0.0171875
6 0.49921875 0.06953125 0.715625 0.03125
25 0.3921875 0.13671875 0.5001953125 0.1044921875
12 0.3921875 0.13671875 0.5033203125 0.1048828125
6 0.753125 0.13671875 0.212109375 0.1046875
25 0.17578125 0.2171875 0.053125 0.0529296875
25 0.23515625 0.2171875 0.053125 0.053125
25 0.29375 0.21875 0.053125 0.0560546875
25 0.353125 0.21875 0.053125 0.0533203125
25 0.41171875 0.21796875 0.053125 0.0517578125
25 0.4703125 0.21796875 0.0533203125 0.053125
25 0.5296875 0.21796875 0.053515625 0.0517578125
25 0.5890625 0.2171875 0.053125 0.053125
25 0.64765625 0.2171875 0.053125 0.0529296875
25 0.70625 0.2171875 0.0533203125 0.0529296875
25 0.765625 0.2171875 0.0529296875 0.052734375
26 0.17578125 0.25546875 0.0451171875 0.0201171875
26 0.23515625 0.25625 0.0419921875 0.0189453125
26 0.29375 0.2515625 0.031640625 0.0095703125
26 0.35234375 0.25625 0.0484375 0.01875
26 0.41171875 0.25546875 0.0328125 0.01875
26 0.46875 0.2515625 0.0345703125 0.009375
26 0.5296875 0.2515625 0.033984375 0.009765625
26 0.58828125 0.25625 0.0328125 0.019140625
26 0.64609375 0.25625 0.0421875 0.019140625
26 0.70703125 0.25703125 0.0388671875 0.021875
26 0.765625 0.2515625 0.0251953125 0.0126953125
26 0.82421875 0.25078125 0.046875 0.009375
32 0.5 0.275 0.028125 0.0064453125
12 0.5 0.22890625 0.712109375 0.0765625
21 0.1734375 0.3046875 0.040625 0.0123046875
21 0.4421875 0.30546875 0.10625 0.0125
21 0.678125 0.30625 0.1033203125 0.012890625
8 0.4625 0.325 0.0685546875 0.0126953125
8 0.56875 0.32421875 0.0779296875 0.0125
8 0.459375 0.43359375 0.0720703125 0.0125
8 0.5734375 0.43359375 0.0658203125 0.0138671875
25 0.2078125 0.353125 0.1033203125 0.074609375
25 0.31875 0.35234375 0.103125 0.0705078125
25 0.20859375 0.4609375 0.103125 0.0716796875
25 0.31953125 0.46171875 0.1044921875 0.071875
25 0.44453125 0.353125 0.1017578125 0.0720703125
25 0.55625 0.35234375 0.105859375 0.071875
25 0.4453125 0.46171875 0.1033203125 0.071875
25 0.5546875 0.4609375 0.103125 0.0716796875
25 0.68046875 0.3515625 0.1044921875 0.0716796875
25 0.79140625 0.35234375 0.103125 0.0734375
25 0.7921875 0.4609375 0.103125 0.0716796875
25 0.68046875 0.46171875 0.1046875 0.071875
14 0.19140625 0.40390625 0.0640625 0.0236328125
14 0.31171875 0.403125 0.0830078125 0.0220703125
14 0.19296875 0.5125 0.0669921875 0.0248046875
14 0.303125 0.5125 0.065625 0.024609375
14 0.4390625 0.4078125 0.084375 0.0220703125
14 0.43828125 0.515625 0.0857421875 0.0220703125
14 0.54453125 0.40390625 0.0732421875 0.0263671875
14 0.5515625 0.51640625 0.084765625 0.0205078125
14 0.67265625 0.403125 0.078125 0.0220703125
14 0.66171875 0.5125 0.0544921875 0.0216796875
14 0.7828125 0.5125 0.08125 0.024609375
14 0.77890625 0.403125 0.065625 0.021875
11 0.26328125 0.4125 0.2296875 0.237109375
11 0.49921875 0.41328125 0.2296875 0.2375
11 0.73671875 0.41171875 0.2267578125 0.240625
1 0.9640625 0.6171875 0.0560546875 0.0251953125
2 0.50078125 0.01640625 0.6765625 0.0203125