1 0.671875 0.03515625 0.0904296875 0.0423828125
7 0.5015625 0.03671875 0.4658203125 0.0734375
28 0.2984375 0.09921875 0.0251953125 0.0232421875
27 0.49609375 0.09765625 0.0798828125 0.0361328125
1 0.6375 0.09921875 0.068359375 0.0388671875
23 0.703125 0.10078125 0.028125 0.0296875
34 0.496875 0.28984375 0.4591796875 0.0544921875
1 0.39296875 0.21796875 0.2107421875 0.0419921875
1 0.60859375 0.21796875 0.209375 0.040625
20 0.50078125 0.19375 0.4611328125 0.249609375
21 0.38671875 0.41953125 0.2046875 0.0236328125
25 0.384375 0.56484375 0.2310546875 0.234375
23 0.4796875 0.6625 0.03125 0.0283203125
23 0.71328125 0.6625 0.03125 0.025390625
23 0.48125 0.89296875 0.028125 0.0263671875
23 0.7125 0.89375 0.0283203125 0.0279296875
25 0.615625 0.7953125 0.2314453125 0.2341796875
25 0.3859375 0.79609375 0.2341796875 0.2294921875