27 0.2984375 0.01875 0.1 0.021875
28 0.50390625 0.0671875 0.4953125 0.0310546875
1 0.6359375 0.0203125 0.066015625 0.021875
1 0.70859375 0.01953125 0.0611328125 0.021875
15 0.50078125 0.30703125 0.5015625 0.4328125
19 0.5 0.6203125 1 0.03125
1 0.97578125 0.5890625 0.0263671875 0.027734375
25 0.70234375 0.121875 0.0921875 0.0623046875
25 0.70234375 0.2125 0.09375 0.0625
25 0.7015625 0.3046875 0.0935546875 0.0626953125
25 0.7015625 0.396875 0.091015625 0.0625
25 0.70234375 0.48828125 0.09375 0.0607421875
25 0.70234375 0.5765625 0.0923828125 0.05625
14 0.43671875 0.1 0.378125 0.0126953125
14 0.415625 0.18984375 0.3341796875 0.0169921875
14 0.3828125 0.28203125 0.265625 0.0142578125
14 0.4375 0.38125 0.3748046875 0.037109375
14 0.41640625 0.46484375 0.3326171875 0.0234375
14 0.44453125 0.55703125 0.3892578125 0.01875
20 0.5 0.04296875 0.5064453125 0.0857421875