27 0.10234375 0.04453125 0.034375 0.0359375
28 0.478125 0.05234375 0.675 0.0142578125
18 0.471875 0.01328125 0.112890625 0.0142578125
1 0.5953125 0.0140625 0.084765625 0.0216796875
1 0.7046875 0.01328125 0.0908203125 0.01875
1 0.7921875 0.0140625 0.04375 0.0158203125
1 0.8796875 0.0125 0.0779296875 0.024609375
2 0.3671875 0.09140625 0.5623046875 0.03125
30 0.1515625 0.09140625 0.103515625 0.0111328125
23 0.6328125 0.090625 0.016015625 0.018359375
22 0.3484375 0.234375 0.5970703125 0.2376953125
6 0.80625 0.26875 0.2 0.1591796875
1 0.73203125 0.15234375 0.109375 0.0359375
20 0.496875 0.034375 0.99375 0.06875
29 0.3453125 0.34140625 0.1064453125 0.0140625
21 0.2 0.4 0.231640625 0.0373046875
11 0.21953125 0.60859375 0.2638671875 0.3298828125
11 0.50078125 0.6078125 0.2642578125 0.3283203125
11 0.78203125 0.6078125 0.2642578125 0.3310546875
1 0.21875 0.7359375 0.1123046875 0.034765625
1 0.49921875 0.7359375 0.1078125 0.0341796875
1 0.78125 0.7359375 0.106640625 0.0345703125
21 0.209375 0.8203125 0.2533203125 0.0435546875