27 0.14921875 0.034375 0.0984375 0.0435546875
31 0.5015625 0.87265625 0.996875 0.2546875
1 0.36796875 0.9796875 0.0765625 0.0158203125
1 0.50703125 0.98125 0.0875 0.0158203125
26 0.4390625 0.953125 0.0220703125 0.0125
1 0.440625 0.95390625 0.21875 0.028125
25 0.440625 0.5578125 0.668359375 0.2501953125
25 0.18515625 0.2828125 0.1048828125 0.103515625
25 0.34765625 0.2828125 0.10625 0.103515625
25 0.51015625 0.28359375 0.1046875 0.1046875
25 0.6734375 0.28359375 0.1060546875 0.1044921875
12 0.440625 0.2828125 0.66875 0.1216796875
26 0.1828125 0.35390625 0.075 0.0140625
26 0.3484375 0.35390625 0.0751953125 0.0138671875
26 0.51015625 0.353125 0.0421875 0.0154296875
30 0.26796875 0.0328125 0.0888671875 0.0126953125
23 0.49609375 0.0328125 0.0142578125 0.015625
2 0.3625 0.03203125 0.2939453125 0.0265625
23 0.6265625 0.02734375 0.01875 0.015625
23 0.66953125 0.02890625 0.0173828125 0.0171875
23 0.7125 0.02734375 0.0185546875 0.0169921875
23 0.7546875 0.028125 0.0185546875 0.018359375
28 0.44140625 0.07890625 0.6703125 0.0419921875
20 0.440625 0.05390625 0.719140625 0.1078125
26 0.62578125 0.04140625 0.0296875 0.0078125
26 0.66875 0.04140625 0.0408203125 0.0080078125
26 0.7125 0.040625 0.0376953125 0.0091796875
26 0.7546875 0.040625 0.0404296875 0.006640625
21 0.22421875 0.2109375 0.2390625 0.0189453125
21 0.175 0.4171875 0.1404296875 0.015625
21 0.1875 0.7296875 0.169140625 0.021484375
23 0.76796875 0.71328125 0.0169921875 0.015625
4 0.20234375 0.14453125 0.1859375 0.0671875
4 0.39765625 0.14453125 0.1861328125 0.0671875
4 0.59296875 0.14453125 0.1859375 0.065625