28 0.2046875 0.01640625 0.021875 0.0234375
2 0.50078125 0.01875 0.2701171875 0.0251953125
23 0.3796875 0.01875 0.0123046875 0.012890625
30 0.45390625 0.01875 0.128125 0.0125
1 0.78125 0.01875 0.068359375 0.021875
28 0.28828125 0.05703125 0.1763671875 0.0265625
28 0.7125 0.0578125 0.1875 0.027734375
28 0.446875 0.08671875 0.5126953125 0.01875
35 0.30234375 0.259375 0.109375 0.0185546875
35 0.40234375 0.2609375 0.0798828125 0.01875
35 0.4859375 0.2609375 0.0779296875 0.021484375
35 0.57578125 0.2609375 0.0921875 0.01875
6 0.73828125 0.309375 0.1482421875 0.0623046875
20 0.5 0.04921875 1 0.0984375
25 0.4203125 0.3796875 0.466015625 0.20625
34 0.73984375 0.38984375 0.1515625 0.01875
15 0.740625 0.49609375 0.156640625 0.19375
17 0.6734375 0.4921875 0.0091796875 0.171875
1 0.78203125 0.0875 0.0642578125 0.0189453125
1 0.26484375 0.0875 0.0546875 0.0216796875
26 0.2640625 0.0875 0.0373046875 0.012109375
26 0.78203125 0.0875 0.0513671875 0.0091796875
27 0.49921875 0.0546875 0.078125 0.0283203125
17 0.22109375 0.01640625 0.0076171875 0.021875
25 0.30078125 0.5578125 0.2294921875 0.1310546875
25 0.53984375 0.5578125 0.2294921875 0.1283203125