27 0.05234375 0.02109375 0.0919921875 0.0265625
18 0.1609375 0.02421875 0.0779296875 0.0169921875
18 0.26171875 0.0234375 0.0923828125 0.015234375
18 0.35859375 0.0234375 0.0669921875 0.015234375
18 0.44296875 0.02421875 0.0671875 0.0140625
28 0.3375 0.02421875 0.444140625 0.0232421875
26 0.86875 0.02265625 0.0501953125 0.0142578125
1 0.86953125 0.021875 0.0767578125 0.0345703125
26 0.95234375 0.02265625 0.0357421875 0.0142578125
1 0.953125 0.02109375 0.071875 0.0357421875
36 0.38515625 0.21875 0.5734375 0.178125
26 0.16328125 0.37578125 0.0892578125 0.0173828125
26 0.29609375 0.3765625 0.0923828125 0.01875
1 0.16328125 0.375 0.1205078125 0.037109375
1 0.29609375 0.37421875 0.1201171875 0.0375
1 0.81953125 0.2546875 0.0607421875 0.059375
22 0.5 0.253125 1 0.4220703125
20 0.5 0.0203125 1 0.040625
23 0.821875 0.253125 0.0279296875 0.0248046875
17 0.1515625 0.54921875 0.0560546875 0.0267578125
21 0.30078125 0.61953125 0.3576171875 0.0794921875
25 0.715625 0.83203125 0.1935546875 0.1267578125