2 0.453125 0.03515625 0.328125 0.0423828125
26 0.39453125 0.0359375 0.1388671875 0.0283203125
23 0.309375 0.03515625 0.025 0.028125
23 0.6546875 0.03671875 0.025 0.0236328125
28 0.65390625 0.0375 0.0298828125 0.0310546875
23 0.69609375 0.0359375 0.0298828125 0.03125
20 0.5 0.06015625 0.471875 0.1203125
23 0.30703125 0.0953125 0.025 0.03125
13 0.50546875 0.82109375 0.4169921875 0.1982421875
28 0.50234375 0.9625 0.4515625 0.075
23 0.3234375 0.9515625 0.0283203125 0.0310546875
26 0.3234375 0.9828125 0.058984375 0.021484375
23 0.4109375 0.953125 0.034375 0.03125
26 0.4125 0.9796875 0.0564453125 0.0158203125
26 0.5 0.9828125 0.062109375 0.0189453125
26 0.5890625 0.98203125 0.075 0.0173828125
26 0.6765625 0.98203125 0.072265625 0.0173828125
23 0.5 0.95234375 0.0345703125 0.0298828125
23 0.58671875 0.9515625 0.0294921875 0.025
23 0.67421875 0.95234375 0.0294921875 0.0267578125
1 0.6203125 0.09609375 0.1935546875 0.0234375
6 0.5015625 0.21015625 0.422265625 0.1796875
6 0.5 0.34765625 0.425 0.0607421875
6 0.5 0.659375 0.4251953125 0.062109375