2 0.46640625 0.025 0.6013671875 0.031640625
30 0.240625 0.02578125 0.094140625 0.021875
23 0.18125 0.02578125 0.01875 0.0232421875
28 0.790625 0.02578125 0.0248046875 0.0201171875
23 0.82265625 0.0265625 0.0236328125 0.022265625
23 0.1796875 0.06875 0.0216796875 0.028125
30 0.21875 0.06953125 0.040625 0.0140625
1 0.7671875 0.06953125 0.1373046875 0.0169921875
28 0.43515625 0.88671875 0.4796875 0.2265625
6 0.5015625 0.6984375 0.6720703125 0.1
12 0.5015625 0.4875 0.671484375 0.2810546875
29 0.5 0.603125 0.0998046875 0.021875
6 0.50078125 0.2734375 0.6671875 0.09375
6 0.50234375 0.15 0.6673828125 0.1251953125
20 0.5 0.0421875 1 0.084375