27 0.18046875 0.03203125 0.0673828125 0.0232421875
28 0.26015625 0.03203125 0.0625 0.021875
18 0.32109375 0.03203125 0.0330078125 0.0171875
30 0.37109375 0.03203125 0.0611328125 0.0111328125
1 0.64296875 0.03203125 0.0375 0.0203125
1 0.48203125 0.03203125 0.3580078125 0.021875
28 0.60625 0.00859375 0.493359375 0.0125
28 0.76640625 0.0328125 0.1640625 0.022265625
28 0.4984375 0.05625 0.703515625 0.012890625
6 0.49921875 0.15234375 0.7017578125 0.1486328125
6 0.5 0.275 0.705859375 0.05
20 0.4984375 0.0328125 0.708984375 0.065234375
25 0.2609375 0.525 0.227734375 0.075
25 0.5 0.52421875 0.228125 0.0763671875
25 0.7390625 0.52421875 0.2279296875 0.075