28 0.3 0.21640625 0.043359375 0.0392578125
23 0.30078125 0.21640625 0.0486328125 0.0455078125
27 0.38671875 0.21640625 0.1046875 0.0548828125
23 0.4859375 0.21640625 0.04375 0.03125
23 0.61484375 0.21640625 0.0328125 0.0298828125
1 0.69609375 0.21640625 0.0703125 0.0732421875
1 0.34140625 0.14765625 0.1171875 0.0361328125
14 0.49609375 0.0453125 0.440625 0.0716796875
31 0.5015625 0.0890625 0.4595703125 0.1779296875
20 0.5 0.21328125 0.4625 0.075
36 0.42734375 0.35546875 0.2890625 0.1044921875
25 0.5 0.603125 0.415625 0.319140625
21 0.44140625 0.86953125 0.253125 0.0263671875
1 0.38359375 0.9359375 0.1390625 0.03125