27 0.19296875 0.115625 0.040625 0.0408203125
36 0.31796875 0.25078125 0.30625 0.0388671875
18 0.39453125 0.11484375 0.1451171875 0.0513671875
23 0.5046875 0.11640625 0.028125 0.0205078125
23 0.725 0.10703125 0.0125 0.0169921875
23 0.7734375 0.11640625 0.021484375 0.021875
23 0.8234375 0.11640625 0.0248046875 0.0263671875
26 0.72578125 0.125 0.0451171875 0.0154296875
1 0.81953125 0.115625 0.04375 0.0501953125
1 0.7265625 0.115625 0.05 0.05
28 0.5109375 0.16640625 0.553125 0.0234375
1 0.58125 0.51171875 0.094140625 0.01875
1 0.2375 0.84375 0.106640625 0.0158203125
1 0.55234375 0.84453125 0.1048828125 0.015625
26 0.5625 0.84375 0.08125 0.0123046875
26 0.24765625 0.84296875 0.084375 0.0111328125
26 0.59140625 0.51171875 0.0734375 0.0138671875
23 0.1921875 0.84296875 0.0123046875 0.0125
23 0.50625 0.84296875 0.0154296875 0.0125
23 0.5390625 0.51015625 0.0125 0.0140625
23 0.54140625 0.4171875 0.015625 0.0189453125
23 0.50703125 0.7359375 0.0140625 0.01875
23 0.19453125 0.7359375 0.0142578125 0.021484375
23 0.19296875 0.95625 0.0169921875 0.0185546875
21 0.25 0.69453125 0.1279296875 0.0328125
31 0.49921875 0.0453125 0.6953125 0.090625
26 0.72109375 0.0296875 0.0921875 0.01875
1 0.72265625 0.0296875 0.103125 0.0310546875
1 0.26953125 0.0765625 0.0955078125 0.0189453125
14 0.37734375 0.03203125 0.315625 0.0544921875
20 0.4953125 0.096875 0.6876953125 0.1935546875
36 0.621875 0.46171875 0.184375 0.0263671875