27 0.19921875 0.021875 0.0982421875 0.0314453125
18 0.3828125 0.02265625 0.04375 0.0171875
18 0.43828125 0.02265625 0.0419921875 0.0169921875
18 0.5140625 0.0234375 0.0658203125 0.0185546875
18 0.60390625 0.02421875 0.0796875 0.01875
28 0.5015625 0.0234375 0.29375 0.03125
26 0.75859375 0.02265625 0.0234375 0.009375
26 0.81640625 0.0234375 0.0294921875 0.0091796875
1 0.75859375 0.02265625 0.053125 0.0236328125
1 0.815625 0.02265625 0.053125 0.0234375
36 0.653125 0.1296875 0.374609375 0.0779296875
24 0.2671875 0.2359375 0.2345703125 0.3125
26 0.57265625 0.27421875 0.103125 0.0142578125
1 0.57265625 0.27421875 0.2 0.0328125
22 0.496875 0.2234375 0.99375 0.3560546875
20 0.496875 0.021875 0.9935546875 0.04375
14 0.65234375 0.21796875 0.3703125 0.0705078125
14 0.659375 0.33515625 0.38125 0.0357421875
1 0.52734375 0.36015625 0.1201171875 0.0171875
26 0.8359375 0.44375 0.066015625 0.0125
1 0.8359375 0.44375 0.090234375 0.024609375
14 0.4453125 0.4453125 0.678125 0.021875
21 0.65390625 0.55546875 0.2951171875 0.065625
26 0.60703125 0.65703125 0.046875 0.0142578125
1 0.60859375 0.65625 0.2013671875 0.03125
21 0.3015625 0.77265625 0.291015625 0.059375
14 0.32109375 0.828125 0.3390625 0.0314453125
26 0.2578125 0.875 0.0529296875 0.0125
1 0.25703125 0.875 0.203125 0.0314453125