27 0.0515625 0.02421875 0.072265625 0.0234375
28 0.80078125 0.02578125 0.1375 0.0140625
26 0.7484375 0.025 0.0310546875 0.012109375
26 0.803125 0.025 0.0439453125 0.0123046875
26 0.85546875 0.02578125 0.021875 0.0109375
26 0.91328125 0.02578125 0.028125 0.0111328125
26 0.9640625 0.02578125 0.034765625 0.0138671875
1 0.91328125 0.025 0.04375 0.025390625
1 0.9640625 0.025 0.052734375 0.0251953125
20 0.5 0.0265625 1 0.053125
29 0.5 0.43125 0.053125 0.0154296875
36 0.49921875 0.35859375 0.3734375 0.0857421875
22 0.5 0.63046875 1 0.665625
23 0.5 0.92890625 0.0158203125 0.0109375
28 0.5 0.9296875 0.030859375 0.028515625
5 0.5 0.98125 1 0.0375
26 0.49453125 0.98125 0.09375 0.0154296875
23 0.54765625 0.98046875 0.0078125 0.0076171875