27 0.05546875 0.02421875 0.0826171875 0.028125
28 0.8015625 0.02421875 0.152734375 0.0294921875
1 0.9109375 0.02421875 0.0498046875 0.0294921875
1 0.965625 0.02421875 0.055859375 0.0294921875
36 0.503125 0.35859375 0.4029296875 0.0986328125
25 0.18984375 0.49765625 0.1484375 0.2203125
25 0.18984375 0.728125 0.15 0.2220703125
25 0.346875 0.5484375 0.1498046875 0.2216796875
25 0.34609375 0.77734375 0.1482421875 0.221875
25 0.50546875 0.65 0.1515625 0.225
25 0.6625 0.56015625 0.15 0.221875
25 0.6609375 0.79453125 0.1466796875 0.221875
20 0.5 0.02421875 1 0.0484375