27 0.0515625 0.02421875 0.072265625 0.0267578125
28 0.79921875 0.02421875 0.1423828125 0.0232421875
26 0.91328125 0.025 0.0298828125 0.0123046875
26 0.96484375 0.02578125 0.0361328125 0.0111328125
1 0.9125 0.025 0.044140625 0.025390625
1 0.965625 0.025 0.050390625 0.0279296875
20 0.5 0.02578125 0.9998046875 0.0515625
22 0.5 0.6265625 1 0.665234375
36 0.49453125 0.3578125 0.3892578125 0.096875
18 0.50078125 0.98203125 0.1111328125 0.0236328125
1 0.4984375 0.93671875 0.034765625 0.034375
29 0.4953125 0.42890625 0.071484375 0.0205078125