26 0.5 0.346875 0.0935546875 0.0123046875
26 0.50078125 0.37578125 0.0296875 0.0138671875
1 0.5 0.34609375 0.1875 0.025
27 0.5 0.2765625 0.1064453125 0.046484375
14 0.49921875 0.309375 0.1357421875 0.0126953125
14 0.5 0.40703125 0.1158203125 0.0111328125
14 0.4984375 0.48125 0.184375 0.0373046875
23 0.45546875 0.43359375 0.0263671875 0.0263671875
23 0.484375 0.434375 0.0251953125 0.0251953125
23 0.51484375 0.43359375 0.0263671875 0.0263671875
23 0.54453125 0.43359375 0.025 0.025
31 0.5 0.375 0.225390625 0.2875
7 0.5 0.01640625 1 0.03125
1 0.6671875 0.015625 0.047265625 0.0248046875
26 0.66640625 0.015625 0.01875 0.012109375
27 0.0359375 0.053125 0.053515625 0.025
23 0.08046875 0.0546875 0.009375 0.009375
26 0.11171875 0.05390625 0.0486328125 0.009375
2 0.22734375 0.05390625 0.3138671875 0.0234375