18 0.9375 0.0125 0.0908203125 0.0216796875
27 0.034375 0.0125 0.024609375 0.021875
28 0.01171875 0.01328125 0.0171875 0.0138671875
18 0.084375 0.01484375 0.0466796875 0.0142578125
18 0.15859375 0.0140625 0.0736328125 0.0158203125
18 0.24296875 0.0140625 0.0640625 0.016015625
18 0.321875 0.0125 0.0623046875 0.015625
23 0.378125 0.0125 0.0123046875 0.0125
30 0.42578125 0.01328125 0.08125 0.0111328125
2 0.44609375 0.0125 0.1609375 0.021875
20 0.5 0.0140625 1 0.0279296875
22 0.49921875 0.3125 0.9984375 0.5716796875
31 0.5 0.6171875 1 0.0376953125
1 0.7015625 0.6171875 0.0748046875 0.0251953125
1 0.78203125 0.6171875 0.0734375 0.025
36 0.715625 0.18671875 0.321875 0.1173828125