28 0.29921875 0.02890625 0.0328125 0.0326171875
27 0.49765625 0.0265625 0.209375 0.0435546875
20 0.5 0.028125 0.4623046875 0.05625
31 0.50078125 0.82265625 0.4138671875 0.2140625
1 0.50078125 0.88046875 0.3796875 0.0578125
26 0.4984375 0.88125 0.0533203125 0.0220703125
14 0.50078125 0.79921875 0.3861328125 0.0765625
21 0.3703125 0.7421875 0.122265625 0.0251953125
34 0.50625 0.1609375 0.303125 0.034765625
36 0.5015625 0.10859375 0.2779296875 0.0419921875
2 0.4765625 0.215625 0.3533203125 0.049609375
30 0.46796875 0.21484375 0.24375 0.0205078125
23 0.32265625 0.215625 0.0267578125 0.030859375
23 0.67734375 0.2140625 0.0359375 0.0314453125
18 0.49921875 0.30390625 0.4044921875 0.0419921875
18 0.39375 0.39296875 0.1876953125 0.0419921875
18 0.60859375 0.39296875 0.1875 0.040625
18 0.39296875 0.48046875 0.1888671875 0.0423828125
18 0.60859375 0.48046875 0.1861328125 0.0419921875
1 0.5 0.5984375 0.405859375 0.047265625
1 0.50625 0.5390625 0.125 0.027734375
26 0.34921875 0.26796875 0.1044921875 0.021875
26 0.3328125 0.35546875 0.066015625 0.0169921875
26 0.5484375 0.35546875 0.06875 0.01875
26 0.33671875 0.44375 0.0763671875 0.0185546875
26 0.55390625 0.44375 0.0826171875 0.012890625
23 0.55859375 0.5375 0.015625 0.0154296875
23 0.46015625 0.47890625 0.0173828125 0.015625
23 0.4625 0.39296875 0.018359375 0.0125
23 0.67578125 0.3921875 0.0205078125 0.009765625
23 0.67734375 0.48046875 0.0171875 0.0109375
23 0.678125 0.3046875 0.0185546875 0.0123046875