27 0.24140625 0.02734375 0.1640625 0.0388671875
28 0.59140625 0.0265625 0.4296875 0.0189453125
36 0.3234375 0.09375 0.3095703125 0.0314453125
28 0.34609375 0.13359375 0.35625 0.0138671875
2 0.46328125 0.16171875 0.590625 0.0375
30 0.2921875 0.16171875 0.1908203125 0.0138671875
23 0.64375 0.16171875 0.025390625 0.0232421875
1 0.709375 0.1609375 0.0935546875 0.0283203125
18 0.221875 0.2171875 0.1060546875 0.025
18 0.34609375 0.2171875 0.1076171875 0.0251953125
18 0.46953125 0.2171875 0.1076171875 0.025
18 0.59296875 0.21796875 0.10625 0.0234375
1 0.71015625 0.2171875 0.0951171875 0.0251953125
26 0.1984375 0.19375 0.065625 0.0125
26 0.3125 0.19375 0.04375 0.0126953125
26 0.43671875 0.1953125 0.0421875 0.0123046875
26 0.5625 0.19453125 0.050390625 0.0109375
1 0.2734375 0.56015625 0.0783203125 0.03125
26 0.27265625 0.56015625 0.0607421875 0.015625
26 0.5 0.5609375 0.0748046875 0.0154296875
1 0.50078125 0.559375 0.0921875 0.028125
26 0.7265625 0.5609375 0.08125 0.0125
1 0.7265625 0.559375 0.0998046875 0.028125
8 0.32890625 0.33125 0.028125 0.0341796875
8 0.55625 0.33046875 0.030859375 0.03125
8 0.78203125 0.33125 0.028125 0.0283203125
20 0.5 0.028125 1 0.05625
31 0.50078125 0.9140625 0.6736328125 0.0939453125
1 0.7625 0.91484375 0.10625 0.0361328125
26 0.76328125 0.9140625 0.03125 0.0126953125