27 0.32109375 0.01875 0.1107421875 0.030859375
28 0.565625 0.01953125 0.299609375 0.0138671875
23 0.72421875 0.01875 0.0171875 0.018359375
20 0.5 0.0203125 1 0.0404296875
36 0.375 0.06640625 0.2185546875 0.025
28 0.3921875 0.09375 0.252734375 0.009375
23 0.27734375 0.11328125 0.0111328125 0.0125
30 0.3546875 0.1140625 0.1341796875 0.009375
23 0.60078125 0.11328125 0.015625 0.0138671875
26 0.64609375 0.11328125 0.0232421875 0.0078125
1 0.646875 0.11328125 0.068359375 0.0205078125
2 0.440625 0.1125 0.344140625 0.0220703125
18 0.3046875 0.15234375 0.0748046875 0.0171875
18 0.39140625 0.15234375 0.0736328125 0.0171875
18 0.478125 0.15234375 0.075 0.0171875
18 0.5640625 0.15234375 0.075 0.0169921875
18 0.646875 0.153125 0.0658203125 0.018359375
26 0.2890625 0.13671875 0.04375 0.009375
26 0.36796875 0.1359375 0.0296875 0.0091796875
26 0.45546875 0.1359375 0.03125 0.008984375
26 0.54296875 0.13671875 0.0328125 0.0080078125
26 0.34140625 0.39296875 0.0421875 0.0078125
26 0.49921875 0.39296875 0.053125 0.0080078125
26 0.65859375 0.39296875 0.0548828125 0.009375
1 0.34140625 0.3921875 0.0544921875 0.0189453125
1 0.5 0.3921875 0.062890625 0.01875
1 0.659375 0.3921875 0.0685546875 0.0185546875
14 0.34140625 0.3609375 0.1357421875 0.0220703125
14 0.50078125 0.3609375 0.0951171875 0.0189453125
14 0.65859375 0.3609375 0.103125 0.0216796875
21 0.34140625 0.334375 0.0701171875 0.0095703125
21 0.49921875 0.33359375 0.0544921875 0.0125
21 0.65859375 0.334375 0.0861328125 0.0126953125
8 0.3796875 0.23203125 0.021484375 0.0201171875
8 0.5390625 0.23203125 0.021875 0.0203125
8 0.69765625 0.23125 0.0203125 0.0216796875
15 0.4984375 0.50234375 0.475 0.1486328125
26 0.73203125 0.60859375 0.0234375 0.0140625
1 0.73125 0.609375 0.0751953125 0.0279296875
21 0.26328125 0.60078125 0.0673828125 0.0171875
14 0.4328125 0.6203125 0.4091796875 0.015234375
31 0.49921875 0.609375 0.56875 0.059375
25 0.340625 0.2625 0.1029296875 0.1001953125
25 0.5 0.2625 0.100390625 0.103125
25 0.659375 0.2625 0.100390625 0.1