6 0.35078125 0.1234375 0.5765625 0.0470703125
27 0.10390625 0.02421875 0.090625 0.0296875
28 0.5 0.06484375 0.875390625 0.0330078125
18 0.8953125 0.06640625 0.04375 0.0201171875
2 0.50546875 0.025 0.3267578125 0.025
1 0.64921875 0.025 0.0390625 0.021875
23 0.65 0.025 0.015625 0.018359375
26 0.09921875 0.065625 0.028125 0.015625
26 0.14921875 0.065625 0.0392578125 0.019140625
26 0.1984375 0.065625 0.028125 0.012890625
26 0.24765625 0.0671875 0.0294921875 0.015625
26 0.29765625 0.06640625 0.0298828125 0.0169921875
26 0.34609375 0.065625 0.0265625 0.0158203125
26 0.3953125 0.065625 0.025 0.018359375
26 0.4453125 0.06640625 0.025 0.0169921875
26 0.49375 0.06484375 0.025 0.0169921875
26 0.54453125 0.06640625 0.0267578125 0.0169921875
26 0.59296875 0.065625 0.0267578125 0.0185546875
26 0.64375 0.06640625 0.025390625 0.015625
26 0.69140625 0.065625 0.0265625 0.0185546875
26 0.7421875 0.065625 0.0279296875 0.018359375
26 0.7921875 0.06640625 0.027734375 0.0201171875
26 0.83984375 0.065625 0.0294921875 0.018359375
26 0.8890625 0.06640625 0.0251953125 0.0138671875
26 0.79921875 0.1234375 0.2763671875 0.0466796875
13 0.3515625 0.49296875 0.578515625 0.6798828125
15 0.79453125 0.5375 0.2767578125 0.1158203125
6 0.35078125 0.86953125 0.5736328125 0.0576171875
6 0.8015625 0.86953125 0.275 0.0578125
20 0.5 0.0421875 1 0.0841796875