23 0.2984375 0.0890625 0.028125 0.0279296875
28 0.29921875 0.08828125 0.0375 0.0375
26 0.3453125 0.08984375 0.0529296875 0.0263671875
27 0.5 0.08828125 0.053125 0.0421875
20 0.50078125 0.08828125 0.4638671875 0.0638671875
6 0.5015625 0.184375 0.4279296875 0.090625
1 0.67109375 0.9109375 0.0798828125 0.0435546875
23 0.7078125 0.72578125 0.034765625 0.040625
8 0.359375 0.48515625 0.143359375 0.0294921875
36 0.45546875 0.58359375 0.3388671875 0.1486328125
23 0.29296875 0.9125 0.0232421875 0.0216796875
31 0.50078125 0.91171875 0.4638671875 0.0638671875
25 0.50078125 0.3515625 0.4640625 0.2123046875
22 0.49921875 0.34921875 0.4642578125 0.2111328125
23 0.29296875 0.6875 0.0205078125 0.0216796875
23 0.51328125 0.6859375 0.0203125 0.0185546875
23 0.29375 0.81484375 0.0185546875 0.0173828125
23 0.5140625 0.78671875 0.021484375 0.021875
14 0.37109375 0.74375 0.1669921875 0.0810546875
14 0.60234375 0.8390625 0.1921875 0.0779296875
14 0.39609375 0.8140625 0.171875 0.027734375