27 0.19765625 0.021875 0.0423828125 0.0376953125
28 0.28125 0.02421875 0.0720703125 0.028125
18 0.3765625 0.025 0.046484375 0.0185546875
18 0.45390625 0.025 0.0982421875 0.019140625
18 0.54375 0.025 0.0689453125 0.01875
18 0.61015625 0.02578125 0.05625 0.0173828125
18 0.703125 0.02578125 0.1126953125 0.0169921875
28 0.59765625 0.02734375 0.503125 0.0298828125
6 0.52890625 0.07421875 0.63125 0.05
22 0.53046875 0.32734375 0.6359375 0.4169921875
8 0.27890625 0.30546875 0.103125 0.0294921875
36 0.53671875 0.38046875 0.6203125 0.0955078125
36 0.52890625 0.63046875 0.6451171875 0.0888671875
25 0.28046875 0.7609375 0.1392578125 0.0783203125
25 0.57890625 0.7703125 0.0955078125 0.0970703125
25 0.28125 0.88046875 0.1375 0.0796875
25 0.57890625 0.90859375 0.0984375 0.0982421875
14 0.43203125 0.75703125 0.1484375 0.0701171875
14 0.728125 0.7640625 0.181640625 0.090234375
14 0.4265625 0.87734375 0.1375 0.0765625
14 0.72109375 0.90234375 0.1673828125 0.0921875
20 0.5 0.025 0.694140625 0.049609375