1 0.096875 0.07578125 0.09375 0.0232421875
1 0.2 0.0765625 0.0939453125 0.0248046875
26 0.096875 0.07578125 0.0564453125 0.0107421875
26 0.20078125 0.07578125 0.0455078125 0.0109375
37 0.14921875 0.05234375 0.2357421875 0.0986328125
28 0.41796875 0.0140625 0.290625 0.0158203125
1 0.68515625 0.0140625 0.0794921875 0.021484375
1 0.7734375 0.01328125 0.084375 0.0205078125
23 0.8328125 0.0140625 0.0123046875 0.0158203125
23 0.85625 0.01328125 0.0154296875 0.015625
23 0.88125 0.0125 0.0154296875 0.015625
20 0.45 0.0140625 0.899609375 0.028125
27 0.01796875 0.01328125 0.0169921875 0.0169921875
15 0.80703125 0.30078125 0.1763671875 0.209375
15 0.09453125 0.31640625 0.1861328125 0.1875
21 0.44609375 0.24375 0.3703125 0.0404296875
28 0.434375 0.20859375 0.3685546875 0.0169921875
15 0.45 0.43203125 0.399609375 0.328125
14 0.35546875 0.27578125 0.1892578125 0.0111328125
14 0.4515625 0.29453125 0.38125 0.0138671875
14 0.44921875 0.31328125 0.3796875 0.0142578125
14 0.42890625 0.33203125 0.3375 0.0138671875
8 0.61171875 0.3328125 0.0234375 0.0123046875
14 0.43984375 0.3578125 0.3607421875 0.027734375
14 0.44140625 0.38359375 0.3607421875 0.0125
14 0.42578125 0.4046875 0.3296875 0.0154296875
14 0.440625 0.42734375 0.3626953125 0.0140625
14 0.4234375 0.45390625 0.3283203125 0.0236328125
2 0.80625 0.4859375 0.1625 0.0279296875
2 0.80625 0.53125 0.162890625 0.0248046875
1 0.80703125 0.6015625 0.1638671875 0.0251953125