27 0.04375 0.01484375 0.06875 0.0267578125
23 0.24375 0.015625 0.0158203125 0.0154296875
30 0.28359375 0.01484375 0.059375 0.015625
2 0.4328125 0.01484375 0.409765625 0.0263671875
26 0.81640625 0.01484375 0.0357421875 0.0111328125
1 0.815625 0.01484375 0.075390625 0.0232421875
1 0.90078125 0.01484375 0.0763671875 0.021875
26 0.90078125 0.01484375 0.03125 0.0138671875
23 0.959375 0.01484375 0.015625 0.0171875
23 0.97265625 0.0140625 0.009375 0.0064453125
1 0.9640625 0.0140625 0.0310546875 0.0220703125
20 0.4984375 0.015625 0.9966796875 0.03125
23 0.02109375 0.065625 0.015625 0.0158203125
23 0.02109375 0.08828125 0.0171875 0.015625
23 0.021875 0.1359375 0.012890625 0.015625
23 0.0203125 0.15859375 0.015234375 0.0140625
23 0.0203125 0.18046875 0.015625 0.0142578125
23 0.0203125 0.203125 0.0158203125 0.0154296875
23 0.02109375 0.22578125 0.0169921875 0.015625
23 0.0203125 0.24921875 0.015625 0.0173828125
23 0.021875 0.27109375 0.0126953125 0.0078125
18 0.08671875 0.13671875 0.1455078125 0.0140625
18 0.0875 0.15859375 0.144140625 0.0201171875
18 0.08515625 0.18046875 0.1453125 0.0171875
18 0.0875 0.203125 0.1439453125 0.015625
18 0.084375 0.2265625 0.1439453125 0.016015625
18 0.08515625 0.24921875 0.1451171875 0.0142578125
18 0.084375 0.2703125 0.1466796875 0.0125