1 0.94375 0.0234375 0.087890625 0.025
27 0.49921875 0.2609375 0.1859375 0.0345703125
1 0.50078125 0.6375 0.2607421875 0.024609375
1 0.29140625 0.740625 0.0953125 0.031640625
1 0.3984375 0.740625 0.108984375 0.03125
1 0.51171875 0.73984375 0.1076171875 0.0326171875
1 0.6171875 0.740625 0.090234375 0.031640625
1 0.7125 0.73984375 0.087890625 0.034375
1 0.50078125 0.54765625 0.2609375 0.0326171875
21 0.50078125 0.32109375 0.2375 0.0169921875
18 0.42265625 0.37265625 0.1017578125 0.0232421875
18 0.5125 0.37265625 0.0779296875 0.0236328125
18 0.590625 0.3734375 0.0783203125 0.0248046875
2 0.5 0.43046875 0.2595703125 0.0236328125
2 0.49921875 0.4875 0.2607421875 0.0248046875
30 0.44453125 0.43046875 0.1330078125 0.0111328125
30 0.4328125 0.4890625 0.1095703125 0.0123046875
26 0.3875 0.35078125 0.0345703125 0.009375
26 0.390625 0.409375 0.040625 0.0091796875
26 0.390625 0.465625 0.0435546875 0.0123046875
26 0.40625 0.52265625 0.0748046875 0.0107421875
14 0.49140625 0.59609375 0.2484375 0.0388671875