27 0.19921875 0.028125 0.1109375 0.05625
6 0.50078125 0.23984375 0.459375 0.134375
6 0.5 0.12890625 0.603125 0.0609375
28 0.2703125 0.0453125 0.0126953125 0.015625
28 0.5140625 0.0453125 0.4498046875 0.0220703125
23 0.8484375 0.04609375 0.0216796875 0.0171875
25 0.22734375 0.71640625 0.1701171875 0.1013671875
25 0.40859375 0.71640625 0.1705078125 0.1017578125
25 0.590625 0.7171875 0.16875 0.1
25 0.771875 0.715625 0.168359375 0.100390625
25 0.7421875 0.87421875 0.228125 0.0919921875
25 0.3796875 0.9015625 0.4689453125 0.147265625
31 0.5 0.9875 1 0.025
18 0.19140625 0.08046875 0.09375 0.0267578125
27 0.28515625 0.015625 0.046875 0.0251953125
27 0.34140625 0.01640625 0.0486328125 0.021875
27 0.40078125 0.01640625 0.0484375 0.0205078125
27 0.46484375 0.015625 0.0548828125 0.0279296875
27 0.53515625 0.015625 0.0671875 0.0220703125
27 0.60703125 0.015625 0.0453125 0.01875
27 0.68828125 0.015625 0.0892578125 0.024609375
27 0.76953125 0.015625 0.0578125 0.025
27 0.828125 0.0140625 0.0498046875 0.021875
27 0.77109375 0.04609375 0.05 0.0205078125
27 0.81875 0.04375 0.0216796875 0.021875
22 0.49921875 0.4375 0.7125 0.225390625