27 0.94921875 0.05859375 0.0732421875 0.0611328125
28 0.3640625 0.05859375 0.5251953125 0.0263671875
25 0.221875 0.18046875 0.1814453125 0.1015625
25 0.22265625 0.35 0.1798828125 0.103125
25 0.596875 0.2453125 0.537890625 0.2310546875
25 0.18671875 0.73828125 0.1078125 0.0638671875
25 0.31171875 0.7375 0.1076171875 0.0626953125
25 0.43671875 0.7375 0.1076171875 0.062109375
25 0.56328125 0.73828125 0.1046875 0.0640625
25 0.6875 0.7375 0.109375 0.062109375
25 0.81171875 0.7375 0.109375 0.0625
1 0.5015625 0.8765625 0.0904296875 0.033984375
26 0.5 0.8765625 0.0623046875 0.016015625
21 0.7890625 0.6734375 0.1716796875 0.0314453125
21 0.79609375 0.928125 0.153125 0.03125
14 0.2296875 0.4171875 0.1689453125 0.0283203125
23 0.0234375 0.0125 0.015625 0.0126953125
23 0.04296875 0.0125 0.0140625 0.0154296875
23 0.0625 0.0125 0.018359375 0.0154296875
23 0.0828125 0.0125 0.0095703125 0.015625
23 0.053125 0.05859375 0.0154296875 0.0169921875
23 0.93828125 0.01171875 0.0203125 0.0203125
23 0.95859375 0.01328125 0.0169921875 0.0169921875
23 0.978125 0.0125 0.01875 0.0185546875
20 0.496875 0.046875 0.99375 0.09375