27 0.09609375 0.075 0.0919921875 0.0248046875
36 0.21484375 0.16875 0.2294921875 0.0408203125
1 0.12734375 0.2703125 0.0513671875 0.0216796875
26 0.19296875 0.26796875 0.0361328125 0.0142578125
1 0.19296875 0.26875 0.0640625 0.025390625
12 0.49921875 0.29921875 0.8984375 0.3982421875
28 0.50546875 0.0765625 0.665625 0.021875
23 0.86796875 0.07578125 0.0205078125 0.0232421875
23 0.8984375 0.07578125 0.021875 0.021875
23 0.92734375 0.075 0.0169921875 0.024609375
21 0.503125 0.54296875 0.2345703125 0.0357421875
21 0.61015625 0.7125 0.2078125 0.205859375
21 0.8328125 0.7109375 0.2033203125 0.20625
31 0.5 0.940625 0.9998046875 0.1158203125
1 0.86953125 0.91328125 0.059375 0.0263671875
18 0.8078125 0.971875 0.1841796875 0.0341796875
23 0.93046875 0.9 0.021875 0.015625