27 0.1078125 0.01953125 0.1 0.0298828125
28 0.01953125 0.01953125 0.0390625 0.0390625
28 0.0203125 0.0203125 0.015625 0.0126953125
18 0.73828125 0.0203125 0.0388671875 0.015234375
23 0.86484375 0.0203125 0.0232421875 0.0189453125
23 0.93984375 0.01953125 0.0140625 0.0142578125
1 0.95546875 0.01953125 0.0515625 0.0171875
26 0.5015625 0.3890625 0.047265625 0.0125
23 0.52890625 0.3890625 0.0046875 0.0091796875
1 0.50390625 0.3890625 0.1015625 0.027734375
23 0.87109375 0.95234375 0.0173828125 0.0171875
26 0.93515625 0.9515625 0.1015625 0.0095703125
1 0.9265625 0.9515625 0.146875 0.0345703125
20 0.49921875 0.0203125 0.9984375 0.040625