27 0.19375 0.0375 0.025 0.025
28 0.37578125 0.0390625 0.3169921875 0.0123046875
34 0.24140625 0.01015625 0.1234375 0.0142578125
23 0.7390625 0.03359375 0.0154296875 0.0169921875
23 0.7671875 0.03359375 0.016015625 0.0142578125
23 0.79921875 0.03359375 0.0171875 0.015625
26 0.73984375 0.0453125 0.0205078125 0.0064453125
26 0.76640625 0.04609375 0.0138671875 0.0048828125
26 0.8 0.04609375 0.0376953125 0.0078125
26 0.80390625 0.0109375 0.0298828125 0.008984375
26 0.75078125 0.0109375 0.0298828125 0.0064453125
26 0.70625 0.0109375 0.0154296875 0.0091796875
26 0.6515625 0.0109375 0.0501953125 0.008984375
23 0.61953125 0.0109375 0.0125 0.015234375
23 0.69140625 0.0109375 0.0125 0.0125
23 0.72890625 0.01015625 0.0109375 0.0125
23 0.78203125 0.01015625 0.0111328125 0.0125
28 0.715625 0.01015625 0.2123046875 0.015625
23 0.32421875 0.009375 0.0080078125 0.0091796875
30 0.3640625 0.009375 0.0685546875 0.006640625
2 0.37265625 0.009375 0.109375 0.0126953125
20 0.5 0.028125 0.9998046875 0.0560546875
22 0.46171875 0.15546875 0.5328125 0.1984375
26 0.6546875 0.1921875 0.046875 0.0154296875
1 0.65390625 0.1921875 0.0673828125 0.022265625
36 0.2859375 0.15390625 0.1625 0.0857421875
21 0.15625 0.08125 0.0625 0.0220703125
21 0.76640625 0.08203125 0.0640625 0.021875
21 0.8375 0.08125 0.0533203125 0.0216796875
21 0.50078125 0.28125 0.234375 0.024609375
23 0.2265625 0.32421875 0.0283203125 0.028125
23 0.3671875 0.325 0.034375 0.03125
23 0.52109375 0.325 0.0236328125 0.034375
23 0.66328125 0.32421875 0.0236328125 0.0294921875
1 0.2703125 0.3375 0.05 0.012109375
1 0.4109375 0.3375 0.0498046875 0.0123046875
1 0.5859375 0.33671875 0.096484375 0.0140625
1 0.70078125 0.3375 0.0392578125 0.0126953125
14 0.28984375 0.31640625 0.0875 0.0203125
14 0.43359375 0.31640625 0.09375 0.01875
14 0.5734375 0.315625 0.0689453125 0.0189453125
14 0.725 0.31640625 0.090625 0.01875
12 0.5 0.1546875 0.7623046875 0.197265625
21 0.4984375 0.390625 0.225 0.021875
25 0.4140625 0.4828125 0.06875 0.090625
25 0.74453125 0.48671875 0.1125 0.0830078125
8 0.21484375 0.41953125 0.06875 0.0138671875
8 0.54140625 0.4203125 0.0640625 0.0126953125
8 0.2125 0.578125 0.0626953125 0.015625
8 0.53046875 0.578125 0.04375 0.018359375
1 0.3375 0.5453125 0.1220703125 0.0125
1 0.6640625 0.5453125 0.071875 0.0123046875
11 0.665625 0.48671875 0.312890625 0.146875
11 0.33515625 0.48671875 0.3142578125 0.15