27 0.31171875 0.0375 0.05 0.0470703125
22 0.5015625 0.38046875 0.4623046875 0.6111328125
28 0.6046875 0.0390625 0.2314453125 0.058984375
1 0.51171875 0.03984375 0.0453125 0.059375
26 0.51171875 0.05859375 0.0390625 0.0138671875
23 0.51171875 0.03203125 0.0328125 0.0361328125
23 0.56875 0.03046875 0.0345703125 0.028125
23 0.63359375 0.03203125 0.0357421875 0.0357421875
23 0.69765625 0.0328125 0.0359375 0.0251953125
26 0.56953125 0.05859375 0.0263671875 0.0111328125
26 0.63359375 0.06015625 0.0734375 0.0140625
26 0.69765625 0.05859375 0.0328125 0.0109375
1 0.56796875 0.040625 0.0388671875 0.050390625
1 0.63359375 0.03984375 0.0736328125 0.0544921875
1 0.69765625 0.04140625 0.0375 0.0482421875
1 0.590625 0.46328125 0.15625 0.0517578125
26 0.58984375 0.46484375 0.1 0.0232421875
36 0.50078125 0.73828125 0.3451171875 0.028125
28 0.5015625 0.88046875 0.428515625 0.1953125