27 0.08984375 0.015625 0.075 0.0216796875
28 0.3546875 0.01796875 0.240625 0.0171875
1 0.50390625 0.01640625 0.0486328125 0.0232421875
7 0.5 0.05078125 1 0.0359375
22 0.50078125 0.24921875 0.9984375 0.3638671875
36 0.15703125 0.19296875 0.153125 0.0326171875
21 0.23359375 0.2234375 0.3046875 0.0310546875
1 0.15546875 0.2734375 0.1419921875 0.0251953125
1 0.3171875 0.27265625 0.14375 0.0294921875
1 0.125 0.30859375 0.087109375 0.0140625
14 0.50625 0.47890625 0.599609375 0.0361328125
17 0.50234375 0.5265625 0.9142578125 0.0154296875
2 0.6875 0.5890625 0.378125 0.03125
26 0.58671875 0.56484375 0.1796875 0.0142578125
1 0.546875 0.6234375 0.093359375 0.028125
25 0.2140625 0.86953125 0.428125 0.2609375
1 0.60625 0.94921875 0.065625 0.0169921875
14 0.7609375 0.903125 0.38125 0.056640625
20 0.4984375 0.01796875 0.996875 0.0359375