27 0.1390625 0.0171875 0.0939453125 0.0314453125
30 0.153125 0.059375 0.087109375 0.0154296875
18 0.628125 0.05859375 0.069140625 0.0169921875
23 0.6921875 0.0578125 0.016015625 0.016015625
23 0.73984375 0.05390625 0.0236328125 0.0203125
23 0.77734375 0.05390625 0.0173828125 0.0203125
23 0.81484375 0.05390625 0.0232421875 0.021875
23 0.85078125 0.0546875 0.0203125 0.0216796875
23 0.88671875 0.0546875 0.025 0.021484375
2 0.40546875 0.06015625 0.6205078125 0.0326171875
26 0.740625 0.07109375 0.0248046875 0.0107421875
26 0.77734375 0.07109375 0.0361328125 0.0080078125
26 0.81328125 0.0703125 0.03125 0.009375
26 0.85 0.0703125 0.030859375 0.008984375
26 0.88671875 0.07109375 0.0359375 0.0080078125
34 0.26640625 0.10546875 0.3361328125 0.0326171875
20 0.4984375 0.0625 0.996484375 0.1248046875
12 0.49921875 0.221875 0.9984375 0.190625
26 0.5828125 0.4 0.13125 0.01875
1 0.5828125 0.39921875 0.2529296875 0.0296875
6 0.175 0.86015625 0.140625 0.1392578125
6 0.17578125 0.7078125 0.1455078125 0.1248046875
25 0.32578125 0.57578125 0.0576171875 0.0611328125
25 0.3890625 0.57578125 0.058984375 0.0609375
25 0.46875 0.575 0.0591796875 0.062109375
25 0.53203125 0.57421875 0.0580078125 0.0611328125
25 0.6109375 0.57578125 0.0595703125 0.0580078125
25 0.675 0.575 0.0595703125 0.059375
25 0.7515625 0.57578125 0.0623046875 0.0609375
25 0.8171875 0.575 0.059375 0.0595703125
26 0.35859375 0.64140625 0.065625 0.009375
26 0.50078125 0.64140625 0.0625 0.0109375
26 0.6421875 0.640625 0.0626953125 0.0123046875
26 0.78671875 0.64140625 0.0640625 0.0109375
1 0.3578125 0.64140625 0.125 0.01875
1 0.5 0.64140625 0.125 0.0205078125
1 0.6421875 0.64140625 0.1248046875 0.021875
1 0.784375 0.64140625 0.125 0.0203125
23 0.8875 0.59140625 0.0126953125 0.01875
23 0.278125 0.58984375 0.0123046875 0.0265625
12 0.58125 0.59140625 0.6375 0.1419921875
11 0.35703125 0.590625 0.1388671875 0.137109375
11 0.49921875 0.590625 0.1392578125 0.137109375
11 0.64140625 0.590625 0.1375 0.134375
11 0.784375 0.58984375 0.1375 0.1328125