27 0.08671875 0.025 0.1171875 0.030859375
1 0.94453125 0.02421875 0.040625 0.0171875
22 0.49921875 0.4984375 0.9984375 0.996875
1 0.50078125 0.39453125 0.234375 0.0451171875
26 0.5015625 0.39375 0.190625 0.0279296875
36 0.50078125 0.296875 0.4703125 0.0435546875
14 0.5 0.3421875 0.5001953125 0.021484375
1 0.5 0.5140625 0.0685546875 0.0279296875
23 0.0515625 0.84296875 0.03125 0.0328125
23 0.09453125 0.84296875 0.03125 0.0326171875
23 0.1375 0.84296875 0.0310546875 0.0298828125
19 0.50078125 0.890625 0.9982421875 0.21875
28 0.5 0.84453125 0.1466796875 0.0201171875
1 0.94375 0.8453125 0.0439453125 0.021875
20 0.50078125 0.0234375 0.9984375 0.046875