18 0.32734375 0.01484375 0.0576171875 0.0140625
18 0.603125 0.01484375 0.034375 0.0125
18 0.65234375 0.01484375 0.0326171875 0.0142578125
18 0.69921875 0.0140625 0.0296875 0.015625
27 0.23515625 0.053125 0.0794921875 0.0373046875
18 0.309375 0.053125 0.0376953125 0.0154296875
30 0.365625 0.05390625 0.0564453125 0.0125
1 0.51328125 0.05390625 0.0423828125 0.0232421875
2 0.409375 0.05390625 0.255859375 0.0234375
6 0.69375 0.053125 0.068359375 0.034375
6 0.77109375 0.053125 0.0828125 0.0314453125
28 0.50703125 0.01484375 0.6234375 0.0173828125
28 0.5 0.1015625 0.5748046875 0.052734375
34 0.46328125 0.14609375 0.23125 0.0267578125
34 0.70078125 0.146875 0.228125 0.030859375
34 0.46328125 0.32109375 0.2298828125 0.0294921875
34 0.4625 0.49375 0.2283203125 0.0279296875
34 0.2625 0.715625 0.15625 0.0283203125
34 0.46171875 0.7140625 0.2298828125 0.0279296875
34 0.6984375 0.71484375 0.2279296875 0.0263671875
1 0.26328125 0.50390625 0.1138671875 0.0232421875
34 0.2625 0.55 0.153125 0.0314453125
20 0.49609375 0.065625 0.9921875 0.13125
14 0.6953125 0.39140625 0.2216796875 0.1669921875
17 0.1671875 0.390625 0.0439453125 0.0533203125
23 0.4359375 0.346875 0.0123046875 0.0125
18 0.65390625 0.96640625 0.0794921875 0.0201171875
18 0.7328125 0.9671875 0.078515625 0.0189453125
1 0.79375 0.96640625 0.040625 0.0203125