27 0.3140625 0.03515625 0.0876953125 0.0361328125
23 0.6640625 0.03515625 0.0189453125 0.0201171875
23 0.69140625 0.0359375 0.0169921875 0.0216796875
23 0.71875 0.034375 0.021875 0.0189453125
22 0.49921875 0.209375 0.4548828125 0.1341796875
26 0.50859375 0.934375 0.0578125 0.0216796875
23 0.45390625 0.9328125 0.0205078125 0.021875
1 0.49921875 0.9328125 0.1357421875 0.028125
1 0.5015625 0.978125 0.1123046875 0.0216796875
24 0.97109375 0.91328125 0.0548828125 0.0576171875
28 0.50078125 0.10390625 0.4671875 0.0763671875
20 0.49921875 0.03359375 0.465625 0.0671875
21 0.31796875 0.740625 0.0798828125 0.019140625