6 0.5 0.0328125 0.45625 0.0591796875
28 0.1546875 0.12890625 0.021484375 0.0173828125
27 0.5 0.11328125 0.23125 0.040625
1 0.84140625 0.090625 0.0263671875 0.012890625
26 0.81953125 0.13046875 0.046875 0.0107421875
1 0.81953125 0.1296875 0.0642578125 0.0216796875
28 0.5 0.153125 0.3529296875 0.01875
15 0.496875 0.1953125 0.7185546875 0.05625
36 0.2515625 0.30703125 0.2123046875 0.1013671875
14 0.253125 0.54765625 0.2154296875 0.065625
21 0.49375 0.27578125 0.1970703125 0.0453125
20 0.5 0.12265625 0.9998046875 0.0919921875
25 0.7484375 0.3359375 0.209375 0.1404296875
14 0.45078125 0.3484375 0.1111328125 0.0908203125
14 0.74453125 0.44609375 0.2017578125 0.0328125
25 0.80703125 0.51171875 0.0892578125 0.0625
23 0.80859375 0.6015625 0.090625 0.0623046875
6 0.746875 0.75 0.1904296875 0.1591796875
25 0.65625 0.64375 0.0251953125 0.0251953125
25 0.46796875 0.70625 0.29375 0.1966796875
21 0.215625 0.65703125 0.1435546875 0.0609375
14 0.225 0.71328125 0.162890625 0.0419921875
14 0.37578125 0.9125 0.10625 0.0716796875