27 0.4953125 0.2234375 0.1814453125 0.059375
26 0.67890625 0.2875 0.0263671875 0.0158203125
1 0.67890625 0.28671875 0.0548828125 0.028125
2 0.5 0.28671875 0.4154296875 0.028125
28 0.159375 0.01640625 0.3064453125 0.0296875
28 0.8796875 0.01328125 0.2251953125 0.0203125
25 0.19296875 0.4328125 0.1125 0.072265625
25 0.30546875 0.43359375 0.1138671875 0.0732421875
25 0.41875 0.4328125 0.112890625 0.0720703125
25 0.19296875 0.55546875 0.1125 0.0703125
25 0.30546875 0.5546875 0.1125 0.071875
25 0.41875 0.5546875 0.1123046875 0.071875
25 0.53046875 0.5546875 0.109375 0.071875
25 0.19296875 0.659375 0.1125 0.071875
26 0.73515625 0.5453125 0.0361328125 0.0154296875
23 0.759375 0.5453125 0.009375 0.0126953125
1 0.73984375 0.54609375 0.246875 0.0263671875
19 0.5 0.9890625 1 0.01875