27 0.2359375 0.02578125 0.140625 0.0298828125
28 0.4984375 0.03046875 0.371484375 0.0171875
12 0.39921875 0.346875 0.45625 0.2591796875
28 0.7515625 0.009375 0.16875 0.012890625
2 0.7265625 0.0296875 0.078515625 0.016015625
0 0.80859375 0.0296875 0.0576171875 0.016015625
30 0.6984375 0.03046875 0.021484375 0.0107421875
25 0.41640625 0.64609375 0.15 0.0736328125
25 0.5828125 0.6453125 0.15 0.075
25 0.746875 0.6453125 0.1529296875 0.075
25 0.25234375 0.8546875 0.1515625 0.0748046875
25 0.41796875 0.85546875 0.1515625 0.0763671875
23 0.21640625 0.5296875 0.0265625 0.027734375
23 0.309375 0.5296875 0.0279296875 0.0279296875
23 0.40078125 0.5296875 0.0265625 0.0251953125
23 0.4921875 0.5296875 0.027734375 0.0251953125
23 0.58515625 0.5296875 0.025 0.027734375
14 0.409375 0.71328125 0.125 0.053125
14 0.57890625 0.72109375 0.1359375 0.0705078125
14 0.746875 0.7078125 0.1439453125 0.041015625
14 0.24140625 0.9234375 0.1232421875 0.0533203125
14 0.41328125 0.91796875 0.1361328125 0.0453125