27 0.23046875 0.0125 0.0482421875 0.012890625
28 0.46875 0.0125 0.3751953125 0.012109375
18 0.63984375 0.0125 0.0298828125 0.006640625
23 0.75 0.0125 0.0095703125 0.0095703125
8 0.77578125 0.0125 0.0330078125 0.0091796875
15 0.496875 0.0359375 0.5814453125 0.021875
7 0.496875 0.0578125 0.5845703125 0.021484375
25 0.27578125 0.28046875 0.1388671875 0.0794921875
25 0.42578125 0.28046875 0.1375 0.0767578125
25 0.575 0.28125 0.1375 0.0779296875
25 0.72421875 0.28125 0.1375 0.078125
25 0.2765625 0.39765625 0.1375 0.0767578125
25 0.2765625 0.5265625 0.140234375 0.078125
12 0.5 0.4703125 0.287109375 0.222265625
29 0.5 0.596875 0.287109375 0.0310546875
15 0.7234375 0.484375 0.134765625 0.2533203125
20 0.49765625 0.034375 0.5875 0.06875
14 0.2734375 0.3359375 0.1345703125 0.022265625
14 0.4203125 0.33515625 0.1279296875 0.0232421875
14 0.5625 0.3359375 0.1125 0.021875
14 0.71640625 0.33671875 0.1263671875 0.021875
14 0.2734375 0.453125 0.1341796875 0.024609375
14 0.26640625 0.58125 0.1173828125 0.021875