27 0.25390625 0.02578125 0.1138671875 0.0265625
1 0.68046875 0.0265625 0.059375 0.015625
1 0.75703125 0.02578125 0.0765625 0.034375
28 0.21875 0.0671875 0.0466796875 0.01875
28 0.50859375 0.0671875 0.5044921875 0.025
23 0.7859375 0.06875 0.0158203125 0.021875
25 0.60078125 0.37265625 0.3888671875 0.21875
21 0.23828125 0.1875 0.0765625 0.021875
28 0.35078125 0.21640625 0.3017578125 0.0234375
27 0.75234375 0.20546875 0.0921875 0.0423828125
36 0.28828125 0.3515625 0.184375 0.133984375
17 0.5 0.084375 1 0.0123046875
25 0.24375 0.6671875 0.0904296875 0.140625
25 0.34296875 0.6671875 0.090625 0.1439453125
25 0.44140625 0.66640625 0.0919921875 0.1451171875
25 0.53984375 0.66640625 0.0919921875 0.1451171875
12 0.396875 0.66953125 0.3998046875 0.1548828125