20 0.49609375 0.021875 0.9921875 0.04375
1 0.73203125 0.01875 0.0390625 0.015625
1 0.8375 0.01953125 0.1439453125 0.021875
26 0.8375 0.01953125 0.1310546875 0.0125
36 0.721875 0.16328125 0.3095703125 0.1080078125
14 0.7234375 0.23828125 0.2716796875 0.0205078125
2 0.72265625 0.27578125 0.3482421875 0.03125
30 0.71953125 0.27734375 0.1173828125 0.01875
26 0.725 0.31484375 0.150390625 0.0138671875
1 0.7234375 0.3140625 0.3470703125 0.0310546875
14 0.72421875 0.3515625 0.3455078125 0.022265625
22 0.49765625 0.24453125 0.9951171875 0.4
4 0.5 0.48125 0.9998046875 0.074609375
21 0.5 0.70703125 0.1904296875 0.0294921875