27 0.29453125 0.028125 0.1513671875 0.049609375
18 0.4109375 0.0453125 0.0345703125 0.0125
26 0.40703125 0.0453125 0.0232421875 0.0064453125
18 0.4625 0.0453125 0.040625 0.0123046875
26 0.459375 0.0453125 0.0310546875 0.009375
26 0.5140625 0.04453125 0.027734375 0.009375
26 0.56796875 0.04453125 0.0294921875 0.0076171875
26 0.625 0.0453125 0.031640625 0.008984375
26 0.68671875 0.0453125 0.0375 0.0091796875
26 0.74375 0.0453125 0.0248046875 0.009375
23 0.42421875 0.0453125 0.0048828125 0.0064453125
23 0.4796875 0.04453125 0.0060546875 0.0048828125
23 0.5328125 0.0453125 0.0064453125 0.003515625
23 0.5875 0.0453125 0.0060546875 0.0060546875
23 0.646875 0.0453125 0.0060546875 0.0060546875
23 0.7109375 0.0453125 0.0064453125 0.00625
23 0.7625 0.0453125 0.0060546875 0.0064453125
23 0.68515625 0.02578125 0.0125 0.0111328125
23 0.66953125 0.02578125 0.0111328125 0.0107421875
23 0.65625 0.02578125 0.012109375 0.0111328125
23 0.6421875 0.02578125 0.0095703125 0.0109375
23 0.4703125 0.028125 0.0091796875 0.0091796875
23 0.51015625 0.02734375 0.0078125 0.0078125
23 0.56875 0.028125 0.006640625 0.0091796875
23 0.59921875 0.02734375 0.0078125 0.0080078125
23 0.62109375 0.02734375 0.0078125 0.0078125
18 0.51953125 0.04453125 0.0390625 0.0125
18 0.571875 0.04453125 0.037890625 0.0111328125
18 0.6296875 0.0453125 0.046484375 0.009765625
18 0.69140625 0.04453125 0.0486328125 0.0111328125
18 0.7484375 0.04453125 0.0373046875 0.0109375
28 0.58046875 0.04453125 0.3767578125 0.0140625
26 0.4890625 0.028125 0.027734375 0.006640625
26 0.53828125 0.028125 0.046875 0.006640625
26 0.5828125 0.028125 0.01875 0.006640625
26 0.609375 0.028125 0.0123046875 0.0091796875
26 0.6296875 0.02734375 0.009375 0.00625
1 0.484375 0.028125 0.0375 0.0095703125
1 0.53359375 0.028125 0.0548828125 0.0095703125
1 0.57890625 0.028125 0.0267578125 0.0095703125
1 0.6046875 0.028125 0.0189453125 0.0095703125
1 0.62578125 0.02734375 0.0171875 0.009375
28 0.55078125 0.028125 0.1705078125 0.0125
20 0.5 0.02890625 1 0.0578125
22 0.49921875 0.28984375 0.9984375 0.4640625
29 0.16640625 0.51015625 0.3169921875 0.0109375
36 0.76640625 0.4640625 0.4109375 0.116015625
6 0.50078125 0.55546875 0.553125 0.0515625