27 0.27890625 0.040625 0.2328125 0.06875
28 0.80625 0.04375 0.0283203125 0.0310546875
23 0.80546875 0.04296875 0.0326171875 0.0328125
22 0.5 0.24453125 0.69375 0.3234375
29 0.234375 0.38515625 0.131640625 0.0125
36 0.646875 0.3703125 0.349609375 0.0408203125
6 0.49921875 0.45546875 0.5830078125 0.0734375
11 0.32578125 0.64921875 0.3232421875 0.115625
11 0.6734375 0.65 0.322265625 0.1158203125
11 0.32578125 0.7765625 0.3232421875 0.115234375
11 0.67421875 0.7765625 0.3236328125 0.115625
34 0.24765625 0.5546875 0.146875 0.03125
1 0.790625 0.58125 0.090625 0.01875
6 0.50078125 0.8984375 0.5830078125 0.0529296875
20 0.5 0.04140625 0.694140625 0.0828125