28 0.24765625 0.015625 0.2109375 0.03125
18 0.76328125 0.01484375 0.0451171875 0.0173828125
1 0.82265625 0.01484375 0.0515625 0.0203125
27 0.50078125 0.09453125 0.0857421875 0.0828125
15 0.71953125 0.146875 0.1078125 0.140625
21 0.7015625 0.0625 0.066015625 0.0123046875
36 0.50078125 0.15703125 0.0982421875 0.025
25 0.3609375 0.31015625 0.121875 0.153125
25 0.58984375 0.309375 0.1921875 0.150390625
25 0.49375 0.54921875 0.3591796875 0.1388671875
25 0.36953125 0.78828125 0.2203125 0.1326171875
25 0.6296875 0.790625 0.23125 0.134375
20 0.496875 0.01640625 0.99375 0.0328125