27 0.159375 0.05546875 0.1466796875 0.0453125
18 0.32578125 0.01171875 0.0736328125 0.0111328125
28 0.2609375 0.01171875 0.3375 0.0169921875
23 0.3015625 0.05625 0.0216796875 0.0185546875
30 0.36796875 0.05625 0.1017578125 0.015625
26 0.5171875 0.05546875 0.040625 0.0125
1 0.51875 0.05625 0.05625 0.034375
2 0.41640625 0.05546875 0.2609375 0.0330078125
26 0.65859375 0.0546875 0.0673828125 0.0126953125
23 0.70390625 0.05546875 0.01875 0.0142578125
1 0.66875 0.05625 0.1033203125 0.0314453125
23 0.10078125 0.1 0.0169921875 0.0126953125
28 0.40234375 0.09921875 0.625 0.0203125
21 0.5484375 0.146875 0.0685546875 0.015625
23 0.51875 0.16875 0.0123046875 0.0123046875
23 0.51875 0.1890625 0.0123046875 0.0095703125
23 0.51875 0.209375 0.012109375 0.012109375
23 0.51875 0.23046875 0.0095703125 0.0109375
23 0.51875 0.25078125 0.0095703125 0.0107421875
23 0.51875 0.27109375 0.0095703125 0.0080078125
23 0.51875 0.29140625 0.012109375 0.0109375
23 0.51875 0.3109375 0.0091796875 0.0095703125
23 0.51875 0.3328125 0.0095703125 0.0123046875
23 0.51875 0.35234375 0.0091796875 0.009375
23 0.51875 0.37265625 0.009375 0.0107421875
23 0.63203125 0.42578125 0.0138671875 0.0125
25 0.17890625 0.56875 0.1048828125 0.071875
25 0.178125 0.66953125 0.10625 0.071875
25 0.17890625 0.7703125 0.1078125 0.071875
25 0.13828125 0.49140625 0.0267578125 0.0267578125
28 0.34921875 0.14453125 0.2453125 0.0173828125
14 0.590625 0.16875 0.1283203125 0.0126953125
14 0.61015625 0.18984375 0.1703125 0.0138671875
14 0.60703125 0.21015625 0.159375 0.0125
14 0.60703125 0.23046875 0.1611328125 0.0125
14 0.6078125 0.2515625 0.1595703125 0.0123046875
14 0.60625 0.27109375 0.156640625 0.0111328125
14 0.61484375 0.2921875 0.175 0.009765625
14 0.6046875 0.3125 0.153515625 0.0123046875
14 0.59921875 0.33359375 0.1451171875 0.0125
14 0.57890625 0.353125 0.1048828125 0.012109375
1 0.57734375 0.42578125 0.1267578125 0.0171875
36 0.275 0.440625 0.30625 0.0564453125
25 0.29765625 0.28359375 0.403125 0.2111328125
21 0.15546875 0.14375 0.065625 0.018359375
20 0.49921875 0.05703125 0.9984375 0.1140625
26 0.1890625 0.49140625 0.065625 0.0140625
14 0.35234375 0.5671875 0.215625 0.0345703125
21 0.56875 0.69609375 0.109375 0.0142578125
25 0.66015625 0.9390625 0.0861328125 0.05