7 0.50078125 0.01484375 0.9982421875 0.0296875
27 0.1828125 0.0515625 0.0685546875 0.021875
28 0.44453125 0.053125 0.3482421875 0.01875
1 0.71640625 0.053125 0.0548828125 0.0189453125
1 0.77265625 0.053125 0.0423828125 0.019140625
18 0.82265625 0.053125 0.0453125 0.0185546875
36 0.284375 0.42578125 0.2591796875 0.14375
14 0.3015625 0.5359375 0.2970703125 0.0375
26 0.2046875 0.59921875 0.0658203125 0.0140625
26 0.32109375 0.6 0.0673828125 0.015625
1 0.2046875 0.59921875 0.1033203125 0.0359375
1 0.321875 0.59921875 0.1064453125 0.0359375
20 0.49765625 0.0515625 0.9951171875 0.04375
22 0.49765625 0.503125 0.99375 0.8591796875
23 0.5015625 0.90703125 0.0189453125 0.0125