27 0.2515625 0.025 0.15 0.04375
28 0.803125 0.02421875 0.037109375 0.0265625
23 0.8046875 0.025 0.0251953125 0.019140625
28 0.48359375 0.06171875 0.6048828125 0.0142578125
22 0.50078125 0.21796875 0.6419921875 0.2859375
36 0.3359375 0.4 0.290625 0.0216796875
14 0.440625 0.44140625 0.499609375 0.0455078125
23 0.81171875 0.4890625 0.01875 0.0189453125
25 0.28671875 0.5921875 0.215625 0.1216796875
23 0.81171875 0.68046875 0.01875 0.01875
25 0.28671875 0.7671875 0.215625 0.121875
8 0.4328125 0.71796875 0.053515625 0.0140625
20 0.50078125 0.0375 0.6892578125 0.075