31 0.5 0.60859375 1 0.0486328125
26 0.9484375 0.6140625 0.021875 0.0125
1 0.94765625 0.61328125 0.0798828125 0.0232421875
21 0.0484375 0.6 0.078125 0.0185546875
27 0.171875 0.01484375 0.0970703125 0.0236328125
30 0.28984375 0.04140625 0.0919921875 0.0109375
18 0.80390625 0.040625 0.0830078125 0.0125
18 0.178125 0.04140625 0.0935546875 0.0107421875
28 0.17734375 0.165625 0.0921875 0.2248046875
19 0.6125 0.18828125 0.76875 0.2296875
28 0.52734375 0.01640625 0.5921875 0.015625
18 0.8 0.01484375 0.046875 0.0080078125
23 0.83515625 0.01484375 0.0111328125 0.009375
23 0.85546875 0.01484375 0.0138671875 0.0109375
1 0.8609375 0.040625 0.025 0.0154296875
2 0.55625 0.04140625 0.6373046875 0.015625