27 0.25390625 0.01953125 0.1076171875 0.028125
23 0.3484375 0.0203125 0.015625 0.0158203125
28 0.5 0.05390625 0.6029296875 0.0298828125
23 0.5953125 0.05234375 0.009765625 0.0109375
23 0.78125 0.05390625 0.012109375 0.0125
28 0.78125 0.05390625 0.0123046875 0.0138671875
15 0.6765625 0.0203125 0.196875 0.0220703125
6 0.49921875 0.16328125 0.5984375 0.1388671875
20 0.5 0.03515625 0.6029296875 0.0703125
7 0.5 0.26015625 0.6 0.0265625
29 0.2140625 0.38046875 0.016015625 0.1859375
22 0.39765625 0.4140625 0.3953125 0.2626953125
25 0.7015625 0.3328125 0.196484375 0.1029296875