23 0.6296875 0.1 0.01875 0.0185546875
26 0.66953125 0.10078125 0.0265625 0.015625
1 0.66953125 0.1 0.0455078125 0.0248046875
30 0.31953125 0.10078125 0.0205078125 0.0125
2 0.4984375 0.1015625 0.3966796875 0.03125
27 0.18203125 0.1109375 0.0669921875 0.041015625
28 0.49765625 0.0125 0.7453125 0.025
6 0.49765625 0.05078125 0.9951171875 0.0482421875
28 0.4984375 0.128125 0.38125 0.015625
28 0.19765625 0.29375 0.1294921875 0.237109375
21 0.15078125 0.159375 0.0265625 0.0189453125
26 0.728125 0.28125 0.021875 0.0125
1 0.728125 0.28125 0.0533203125 0.021875
24 0.77265625 0.20078125 0.1609375 0.0857421875
23 0.7859375 0.28203125 0.0158203125 0.0169921875
26 0.81953125 0.28203125 0.046875 0.0142578125
1 0.8109375 0.28203125 0.08125 0.0236328125
6 0.49921875 0.44921875 0.7453125 0.05
25 0.328125 0.24375 0.0783203125 0.0810546875
25 0.41171875 0.24296875 0.0798828125 0.08125
25 0.51875 0.24296875 0.080859375 0.0794921875
25 0.603125 0.24296875 0.0783203125 0.078125
25 0.32265625 0.36171875 0.0642578125 0.065625
25 0.39453125 0.3609375 0.0625 0.065625
25 0.46640625 0.36171875 0.0642578125 0.0669921875
25 0.5359375 0.3625 0.0654296875 0.068359375
25 0.60859375 0.36171875 0.0640625 0.065625
8 0.37109375 0.18984375 0.0423828125 0.015625
8 0.5359375 0.190625 0.041015625 0.0126953125
8 0.34375 0.31484375 0.0404296875 0.0140625
8 0.22265625 0.50546875 0.0419921875 0.015625
25 0.2125 0.5984375 0.131640625 0.134765625
25 0.35546875 0.5984375 0.1357421875 0.134765625
25 0.5 0.5984375 0.134375 0.1375
25 0.64375 0.5984375 0.1345703125 0.1375
25 0.78828125 0.5984375 0.1046875 0.1345703125
25 0.21171875 0.81015625 0.1330078125 0.1357421875
25 0.35546875 0.8109375 0.1357421875 0.1345703125
25 0.5 0.81171875 0.134375 0.1359375
25 0.64375 0.8109375 0.1345703125 0.134765625
25 0.78828125 0.81171875 0.1359375 0.1357421875
24 0.709375 0.36640625 0.0251953125 0.021875
24 0.75390625 0.3671875 0.0205078125 0.0216796875
24 0.796875 0.36640625 0.0185546875 0.0173828125
24 0.840625 0.36640625 0.018359375 0.0173828125
21 0.721875 0.32734375 0.065625 0.0169921875
20 0.496875 0.0375 0.9935546875 0.075