20 0.5 0.0546875 1 0.109375
7 0.5 0.0171875 1 0.0341796875
27 0.12421875 0.0578125 0.0798828125 0.034375
18 0.21875 0.05859375 0.0654296875 0.0142578125
18 0.296875 0.05859375 0.059375 0.0140625
18 0.3765625 0.05859375 0.065625 0.0138671875
18 0.6265625 0.05859375 0.040625 0.0125
18 0.84140625 0.05859375 0.1669921875 0.0486328125
28 0.29921875 0.05859375 0.2328125 0.021875
36 0.30390625 0.21796875 0.3169921875 0.0625
26 0.20390625 0.32265625 0.0767578125 0.015625
1 0.20390625 0.32265625 0.1138671875 0.0357421875
22 0.49609375 0.26328125 0.9921875 0.3140625
17 0.5 0.54375 1 0.15
28 0.4953125 0.66796875 0.6779296875 0.053125
21 0.21171875 0.7640625 0.1361328125 0.0248046875
11 0.23359375 0.89453125 0.1673828125 0.2109375
12 0.5015625 0.8921875 0.7123046875 0.215625
23 0.84140625 0.87421875 0.0294921875 0.0296875