27 0.17890625 0.0234375 0.0796875 0.0279296875
28 0.1171875 0.0265625 0.015234375 0.021875
18 0.78203125 0.021875 0.0701171875 0.01875
23 0.84296875 0.021875 0.0109375 0.0125
23 0.8796875 0.02109375 0.015234375 0.0169921875
6 0.50078125 0.1328125 0.9984375 0.178125
28 0.471875 0.24296875 0.7498046875 0.0265625
12 0.496875 0.3328125 0.8095703125 0.128515625
20 0.5 0.021875 1 0.0435546875
23 0.1109375 0.33828125 0.015625 0.0234375
23 0.88984375 0.33828125 0.0169921875 0.0236328125
25 0.1984375 0.5140625 0.190625 0.190625
25 0.6015625 0.4703125 0.1935546875 0.103515625
6 0.80234375 0.51328125 0.184375 0.1892578125
36 0.3984375 0.47890625 0.190625 0.09375
21 0.6 0.56875 0.1904296875 0.0529296875
14 0.2328125 0.68046875 0.1091796875 0.05625
21 0.19921875 0.72890625 0.1921875 0.015625
21 0.4015625 0.73046875 0.196484375 0.0201171875
21 0.6015625 0.728125 0.19375 0.012109375
21 0.803125 0.7296875 0.1966796875 0.0123046875
13 0.5 0.70625 0.799609375 0.5875
25 0.19765625 0.79453125 0.1919921875 0.1046875
25 0.39921875 0.7953125 0.1921875 0.1060546875
25 0.53984375 0.7765625 0.06875 0.0689453125
25 0.80234375 0.7953125 0.19375 0.103515625
25 0.60078125 0.4703125 0.1919921875 0.1033203125