27 0.18046875 0.0265625 0.0263671875 0.0251953125
28 0.503125 0.0703125 0.5189453125 0.0248046875
18 0.43359375 0.0703125 0.08125 0.016015625
18 0.540625 0.07109375 0.075 0.0169921875
26 0.74140625 0.0265625 0.08125 0.0154296875
1 0.74140625 0.025 0.1048828125 0.031640625
23 0.82109375 0.02734375 0.0080078125 0.0171875
36 0.5 0.2375 0.440625 0.146875
26 0.5015625 0.415625 0.1091796875 0.0158203125
1 0.50078125 0.41484375 0.1453125 0.0423828125
14 0.50078125 0.35390625 0.315625 0.0171875
22 0.49765625 0.4203125 0.6923828125 0.6408203125
20 0.49609375 0.05 0.69375 0.0998046875