29 0.5 0.29296875 0.069140625 0.0111328125
22 0.49921875 0.18359375 0.7015625 0.1892578125
37 0.7375 0.0734375 0.175 0.0376953125
30 0.39921875 0.046875 0.1388671875 0.0125
2 0.49921875 0.04609375 0.3484375 0.01875
1 0.665625 0.04609375 0.012890625 0.01875
1 0.715625 0.04609375 0.0564453125 0.0140625
1 0.76953125 0.04609375 0.034375 0.0125
1 0.825 0.046875 0.0595703125 0.0123046875
1 0.7890625 0.078125 0.041015625 0.019140625
23 0.8171875 0.06796875 0.008984375 0.0080078125
7 0.49921875 0.0078125 0.996875 0.0154296875
28 0.39375 0.07265625 0.499609375 0.0142578125
18 0.290625 0.034375 0.0466796875 0.0220703125
34 0.5 0.47265625 0.715625 0.0205078125
28 0.70859375 0.025 0.28125 0.0154296875