20 0.5 0.08359375 0.787109375 0.1044921875
27 0.503125 0.071875 0.174609375 0.0529296875
28 0.4984375 0.1234375 0.502734375 0.021875
15 0.50078125 0.146875 0.790625 0.0248046875
28 0.88046875 0.04453125 0.0205078125 0.0171875
6 0.5 0.25859375 0.612109375 0.1578125
6 0.24375 0.58671875 0.187109375 0.3794921875
25 0.4703125 0.4484375 0.18125 0.108984375
25 0.47109375 0.65390625 0.18125 0.10625
25 0.7265625 0.5125 0.3001953125 0.234375
14 0.7328125 0.7296875 0.291015625 0.0560546875
25 0.21171875 0.846875 0.1765625 0.100390625
25 0.40234375 0.84609375 0.1763671875 0.103125
25 0.5953125 0.84609375 0.175 0.1046875
25 0.78828125 0.84609375 0.1765625 0.1046875
31 0.5 0.94765625 1 0.1044921875
7 0.5 0.01484375 1 0.0296875