20 0.496875 0.0453125 0.9935546875 0.0904296875
6 0.5 0.165625 0.4560546875 0.0685546875
27 0.50078125 0.02578125 0.1517578125 0.0328125
1 0.03203125 0.02578125 0.0263671875 0.0201171875
1 0.08828125 0.0265625 0.0763671875 0.0220703125
25 0.39609375 0.3734375 0.3982421875 0.290234375
6 0.70625 0.5453125 0.187890625 0.3875
25 0.29375 0.58984375 0.1751953125 0.1078125
25 0.496875 0.58984375 0.175 0.1078125
25 0.53515625 0.8109375 0.25 0.1064453125
25 0.740625 0.815625 0.1060546875 0.118359375
31 0.50078125 0.98046875 0.9984375 0.0390625
1 0.90234375 0.98046875 0.1671875 0.0263671875
26 0.903125 0.98125 0.06875 0.0154296875
15 0.29296875 0.87265625 0.1671875 0.1763671875
11 0.29453125 0.62578125 0.1923828125 0.1984375
11 0.49765625 0.62578125 0.19375 0.1984375
11 0.73984375 0.84609375 0.1263671875 0.1986328125
11 0.534375 0.846875 0.26875 0.196875
14 0.29296875 0.69296875 0.178125 0.0421875
14 0.49609375 0.68828125 0.1732421875 0.0357421875
6 0.70546875 0.28046875 0.178125 0.1138671875