27 0.20390625 0.1296875 0.0734375 0.047265625
18 0.4390625 0.00859375 0.0404296875 0.0138671875
18 0.525 0.0078125 0.031640625 0.0123046875
18 0.69921875 0.0078125 0.0359375 0.0095703125
18 0.7875 0.0078125 0.0373046875 0.009375
30 0.3359375 0.13359375 0.0908203125 0.0111328125
26 0.6484375 0.134375 0.0279296875 0.0154296875
1 0.6484375 0.1328125 0.0591796875 0.0279296875
2 0.4796875 0.13203125 0.3966796875 0.028125
28 0.4984375 0.18125 0.4341796875 0.0189453125
28 0.20078125 0.3609375 0.121875 0.3185546875
12 0.4484375 0.290625 0.327734375 0.1751953125
12 0.36640625 0.4609375 0.1611328125 0.1251953125
25 0.53125 0.4609375 0.162109375 0.1251953125
23 0.14765625 0.2109375 0.0142578125 0.009375
23 0.1484375 0.23125 0.015234375 0.0095703125
23 0.1484375 0.2515625 0.015234375 0.009765625
23 0.1484375 0.27109375 0.0091796875 0.0111328125
23 0.14765625 0.29140625 0.0125 0.0107421875
23 0.14765625 0.31171875 0.009375 0.0125
23 0.14765625 0.33125 0.0107421875 0.0123046875
23 0.14765625 0.35234375 0.0138671875 0.0111328125
23 0.1484375 0.371875 0.0123046875 0.0095703125
23 0.14765625 0.3921875 0.0142578125 0.0126953125
23 0.14765625 0.4125 0.0138671875 0.012890625
23 0.1484375 0.43125 0.0125 0.0123046875
23 0.14765625 0.4515625 0.0138671875 0.0125
23 0.1484375 0.47109375 0.0064453125 0.0171875
23 0.1484375 0.49140625 0.009765625 0.0142578125
23 0.1484375 0.51171875 0.0126953125 0.0140625
26 0.1859375 0.2109375 0.0529296875 0.0126953125
26 0.19375 0.23046875 0.0658203125 0.0169921875
26 0.20078125 0.25078125 0.0796875 0.0138671875
26 0.1953125 0.2703125 0.06875 0.015234375
26 0.209375 0.29140625 0.099609375 0.0142578125
26 0.209375 0.3109375 0.0970703125 0.015625
26 0.17890625 0.33046875 0.0359375 0.0125
26 0.20859375 0.35078125 0.0986328125 0.0140625
26 0.18046875 0.37109375 0.040625 0.0140625
26 0.19921875 0.390625 0.0763671875 0.0126953125
26 0.20234375 0.4125 0.0875 0.0126953125
26 0.2015625 0.43125 0.084375 0.0154296875
26 0.20234375 0.45078125 0.0830078125 0.0140625
26 0.17890625 0.47109375 0.0361328125 0.0138671875
26 0.2015625 0.49140625 0.0814453125 0.0111328125
26 0.18125 0.5109375 0.0439453125 0.0126953125
28 0.49609375 0.0078125 0.6234375 0.015625
20 0.49765625 0.009375 0.9951171875 0.0185546875
21 0.17265625 0.559375 0.0701171875 0.024609375
21 0.17265625 0.98671875 0.0701171875 0.0232421875
25 0.20859375 0.653125 0.1375 0.1375
25 0.24609375 0.0609375 0.04375 0.046875
25 0.39453125 0.0609375 0.04375 0.046484375
25 0.54375 0.0609375 0.0435546875 0.0439453125
25 0.69296875 0.0609375 0.0421875 0.046484375
25 0.84140625 0.0609375 0.04375 0.04375
6 0.20234375 0.06015625 0.1482421875 0.0548828125
6 0.3515625 0.06015625 0.146875 0.0546875
6 0.49921875 0.0609375 0.1484375 0.0529296875
6 0.64765625 0.06015625 0.1486328125 0.0548828125
6 0.79765625 0.06015625 0.1484375 0.0546875