27 0.20625 0.01796875 0.0841796875 0.0296875
21 0.7640625 0.021875 0.1498046875 0.0251953125
36 0.5 0.07734375 0.275 0.034375
14 0.50078125 0.10390625 0.2794921875 0.0171875
23 0.4015625 0.1515625 0.022265625 0.015625
23 0.5 0.1515625 0.0220703125 0.016015625
23 0.6 0.1515625 0.021875 0.015625
23 0.4015625 0.21484375 0.021875 0.0140625
23 0.50078125 0.21484375 0.0234375 0.0169921875
23 0.59921875 0.215625 0.0232421875 0.01875
23 0.40234375 0.27890625 0.021875 0.0171875
23 0.50078125 0.278125 0.0232421875 0.0154296875
23 0.59921875 0.2796875 0.0205078125 0.0158203125
23 0.40078125 0.34296875 0.025 0.0171875
23 0.5 0.34296875 0.0220703125 0.015625
23 0.59921875 0.34296875 0.0205078125 0.0169921875
23 0.4015625 0.40625 0.0248046875 0.018359375
23 0.5 0.40625 0.024609375 0.0158203125
23 0.59921875 0.40546875 0.0205078125 0.0169921875
23 0.4015625 0.46953125 0.0220703125 0.0171875
23 0.50078125 0.46953125 0.021875 0.015625
23 0.59921875 0.46953125 0.0232421875 0.015625
23 0.4015625 0.5328125 0.0220703125 0.0158203125
23 0.5015625 0.53359375 0.0251953125 0.0173828125
23 0.6 0.5328125 0.0220703125 0.015625
23 0.4015625 0.596875 0.022265625 0.018359375
23 0.50078125 0.59609375 0.025 0.0171875
23 0.59921875 0.596875 0.021875 0.015625
23 0.4015625 0.66015625 0.0220703125 0.015625
23 0.50078125 0.66015625 0.0236328125 0.0142578125
23 0.5984375 0.6546875 0.021875 0.0158203125
23 0.4015625 0.72421875 0.021875 0.015625
26 0.4015625 0.1734375 0.0439453125 0.015625
26 0.5015625 0.175 0.0591796875 0.0154296875
26 0.6 0.1734375 0.046875 0.0154296875
26 0.59921875 0.2375 0.046875 0.0125
26 0.5015625 0.23828125 0.0560546875 0.0138671875
26 0.4 0.23828125 0.0560546875 0.0142578125
26 0.40078125 0.30078125 0.0482421875 0.0109375
26 0.50078125 0.30078125 0.0580078125 0.0111328125
26 0.5984375 0.30078125 0.046875 0.0125
26 0.4015625 0.3640625 0.0501953125 0.0125
26 0.5 0.36484375 0.0439453125 0.0125
26 0.6 0.36484375 0.0435546875 0.0138671875
26 0.40234375 0.4296875 0.059375 0.015234375
26 0.50078125 0.42890625 0.0455078125 0.0142578125
26 0.60078125 0.42890625 0.0296875 0.0140625
20 0.5 0.0234375 0.69375 0.046484375