27 0.1984375 0.025 0.134375 0.037109375
18 0.7828125 0.02265625 0.041015625 0.025
1 0.83828125 0.0234375 0.065625 0.0248046875
1 0.72265625 0.02265625 0.0732421875 0.0232421875
20 0.49765625 0.025 0.9951171875 0.05
6 0.59375 0.91796875 0.5498046875 0.1640625
26 0.24765625 0.76953125 0.0671875 0.015625
26 0.37578125 0.76953125 0.0517578125 0.0138671875
26 0.5015625 0.7703125 0.0564453125 0.0126953125
26 0.625 0.76953125 0.044140625 0.0140625
26 0.74921875 0.76875 0.0673828125 0.012890625
14 0.2515625 0.78984375 0.1033203125 0.0205078125
14 0.375 0.790625 0.1060546875 0.0216796875
14 0.5 0.78984375 0.103125 0.0205078125
14 0.625 0.78984375 0.1001953125 0.0263671875
14 0.75078125 0.790625 0.084375 0.0216796875
22 0.4984375 0.3890625 0.9966796875 0.6783203125
23 0.25 0.72890625 0.0501953125 0.0513671875
23 0.375 0.72734375 0.0529296875 0.0513671875
23 0.5 0.728125 0.0533203125 0.0529296875
23 0.625 0.728125 0.055859375 0.0533203125
23 0.75 0.728125 0.0533203125 0.0533203125
25 0.2140625 0.8875 0.178515625 0.1