1 0.73203125 0.60625 0.0486328125 0.0123046875
1 0.35 0.62109375 0.0501953125 0.0111328125
1 0.80234375 0.60625 0.0638671875 0.024609375
1 0.3859375 0.43046875 0.027734375 0.0109375
27 0.25078125 0.0734375 0.10625 0.0345703125
6 0.50078125 0.02265625 0.4830078125 0.0453125
28 0.57421875 0.05390625 0.459375 0.015625
28 0.4953125 0.11640625 0.5935546875 0.0267578125
23 0.3453125 0.078125 0.0123046875 0.0126953125
30 0.41015625 0.07734375 0.1044921875 0.015625
26 0.53359375 0.078125 0.0203125 0.0125
1 0.5328125 0.078125 0.0341796875 0.024609375
2 0.44140625 0.078125 0.2201171875 0.025
23 0.5734375 0.078125 0.0125 0.015625
18 0.6078125 0.07734375 0.047265625 0.0201171875
18 0.6859375 0.078125 0.078515625 0.025
1 0.76484375 0.07734375 0.0701171875 0.0265625
12 0.4984375 0.37578125 0.465234375 0.028125
28 0.4984375 0.14765625 0.4970703125 0.0236328125
1 0.2921875 0.28671875 0.0783203125 0.0232421875
23 0.41328125 0.1796875 0.0140625 0.0158203125
26 0.2921875 0.28671875 0.05625 0.0111328125
22 0.5 0.2640625 0.9529296875 0.2685546875
21 0.2859375 0.42734375 0.171875 0.0205078125
36 0.31171875 0.24140625 0.1201171875 0.0232421875
31 0.5 0.60703125 1 0.0607421875
6 0.2578125 0.5125 0.1033203125 0.1283203125
20 0.5 0.05078125 1 0.1015625