27 0.34921875 0.02578125 0.1609375 0.05
28 0.50078125 0.065625 0.484375 0.0220703125
22 0.5 0.153125 0.4873046875 0.1501953125
29 0.4984375 0.2390625 0.1498046875 0.009765625
28 0.49921875 0.25859375 0.4859375 0.0171875
20 0.5 0.03828125 0.487109375 0.0765625
11 0.37578125 0.3328125 0.2359375 0.109765625
11 0.62421875 0.33203125 0.2388671875 0.1111328125
25 0.3140625 0.33203125 0.0970703125 0.09375
25 0.5625 0.3328125 0.0970703125 0.09375
11 0.415625 0.48828125 0.1029296875 0.1669921875
11 0.52265625 0.4875 0.1015625 0.162890625
11 0.721875 0.025 0.034375 0.0126953125
2 0.659375 0.025 0.0876953125 0.0185546875
30 0.65390625 0.02578125 0.0673828125 0.0080078125