27 0.2296875 0.028125 0.1435546875 0.05625
30 0.64140625 0.01953125 0.0361328125 0.0109375
2 0.73203125 0.0203125 0.2330078125 0.025
28 0.7421875 0.046875 0.165625 0.015625
18 0.184375 0.07421875 0.0341796875 0.0111328125
18 0.2515625 0.0734375 0.05625 0.009765625
18 0.325 0.07421875 0.046875 0.0109375
18 0.3953125 0.07421875 0.0470703125 0.009375
18 0.46015625 0.075 0.0390625 0.0095703125
18 0.58828125 0.07421875 0.0669921875 0.0125
18 0.7234375 0.07421875 0.0533203125 0.0109375
28 0.46015625 0.07421875 0.5951171875 0.0203125
12 0.5 0.28359375 1 0.3861328125
30 0.325 0.709375 0.0939453125 0.0123046875
2 0.50078125 0.7078125 0.4580078125 0.0248046875
21 0.50234375 0.6796875 0.196875 0.028515625
21 0.234375 0.81328125 0.169140625 0.0298828125
21 0.54375 0.81171875 0.0748046875 0.021875
26 0.1796875 0.91015625 0.0439453125 0.0111328125
1 0.18125 0.91015625 0.05625 0.0232421875
1 0.5375 0.87890625 0.0564453125 0.0236328125
26 0.5359375 0.8796875 0.04375 0.015234375
14 0.315625 0.8625 0.312109375 0.0591796875
14 0.6234375 0.84453125 0.215234375 0.0265625
1 0.5015625 0.73671875 0.102734375 0.009375
24 0.26875 0.53046875 0.062109375 0.0580078125
24 0.49921875 0.5296875 0.059375 0.0591796875
24 0.73125 0.53046875 0.0591796875 0.0580078125