27 0.10703125 0.0390625 0.1609375 0.034375
28 0.775 0.0125 0.343359375 0.0158203125
28 0.5453125 0.03671875 0.6939453125 0.0263671875
23 0.92578125 0.03515625 0.0232421875 0.0171875
22 0.5 0.18515625 1 0.2486328125
26 0.1875 0.22890625 0.062890625 0.0140625
1 0.18828125 0.228125 0.0919921875 0.0310546875
21 0.28828125 0.14296875 0.2982421875 0.0482421875
14 0.30078125 0.19140625 0.3294921875 0.028125
23 0.56015625 0.33671875 0.0423828125 0.0298828125
23 0.684375 0.3375 0.034375 0.03125
23 0.80390625 0.3375 0.0298828125 0.0251953125
17 0.621875 0.3796875 0.0091796875 0.1185546875
17 0.74296875 0.37890625 0.00625 0.1173828125
23 0.41015625 0.39375 0.025 0.019140625
30 0.25546875 0.39453125 0.2142578125 0.0171875
2 0.28515625 0.39375 0.284375 0.028125
21 0.26953125 0.36640625 0.25625 0.0265625
36 0.49921875 0.50390625 0.1892578125 0.0294921875
26 0.25234375 0.9234375 0.0578125 0.0125
26 0.72890625 0.9234375 0.0607421875 0.0126953125
1 0.728125 0.9234375 0.174609375 0.0279296875
1 0.253125 0.9234375 0.175 0.028515625
25 0.25078125 0.7359375 0.1703125 0.0935546875
25 0.48671875 0.73828125 0.1888671875 0.0921875
25 0.7296875 0.73515625 0.1373046875 0.0888671875
11 0.25390625 0.81171875 0.2201171875 0.2919921875
1 0.48203125 0.94453125 0.0361328125 0.0388671875
20 0.4984375 0.03046875 0.996875 0.0609375