23 0.48203125 0.05859375 0.03125 0.0359375
23 0.60859375 0.06015625 0.0361328125 0.0328125
23 0.71640625 0.0609375 0.0359375 0.0345703125
23 0.79453125 0.0671875 0.015625 0.0125
23 0.7953125 0.17421875 0.0189453125 0.01875
28 0.79609375 0.1734375 0.028125 0.027734375
26 0.75390625 0.17421875 0.0388671875 0.0169921875
27 0.24921875 0.178125 0.1294921875 0.0439453125
21 0.54375 0.23984375 0.1751953125 0.0326171875
14 0.2875 0.09921875 0.2123046875 0.0765625
21 0.2734375 0.0328125 0.18125 0.0470703125
20 0.50078125 0.17578125 0.6955078125 0.0703125
23 0.42578125 0.38046875 0.0232421875 0.025
8 0.4046875 0.43359375 0.0595703125 0.021875
8 0.40390625 0.4671875 0.05625 0.0220703125
8 0.40390625 0.5015625 0.0544921875 0.0220703125
8 0.40546875 0.5359375 0.05625 0.0216796875
8 0.40546875 0.5703125 0.0515625 0.01875
8 0.4046875 0.603125 0.0501953125 0.015625
8 0.40625 0.6375 0.059375 0.0189453125
8 0.403125 0.671875 0.0564453125 0.0185546875
8 0.4890625 0.28671875 0.0623046875 0.0361328125
23 0.2078125 0.43359375 0.0126953125 0.0169921875
23 0.20703125 0.4671875 0.0140625 0.0158203125
23 0.20703125 0.5015625 0.0140625 0.016015625
23 0.20703125 0.5359375 0.0169921875 0.0185546875
23 0.20703125 0.56875 0.0140625 0.018359375
23 0.2078125 0.60234375 0.015625 0.0169921875
23 0.2078125 0.63828125 0.015234375 0.0138671875
23 0.20625 0.67109375 0.015625 0.0138671875
23 0.2078125 0.70390625 0.0154296875 0.015625
21 0.2671875 0.38125 0.1341796875 0.0216796875
24 0.315625 0.3015625 0.2560546875 0.0845703125
8 0.49609375 0.396875 0.059375 0.018359375
8 0.684375 0.39765625 0.0625 0.015625
8 0.5 0.53125 0.0626953125 0.018359375
8 0.68359375 0.53125 0.0640625 0.018359375
8 0.4984375 0.66484375 0.0626953125 0.0171875
8 0.6828125 0.66484375 0.0626953125 0.0169921875
23 0.79453125 0.59921875 0.01875 0.0203125
23 0.6109375 0.6 0.021484375 0.0189453125
25 0.54375 0.3734375 0.168359375 0.121484375
25 0.728125 0.3734375 0.169140625 0.121484375