8 0.34296875 0.2265625 0.0328125 0.0123046875
8 0.34375 0.246875 0.0314453125 0.012890625
8 0.76796875 0.11640625 0.0357421875 0.0232421875
8 0.396875 0.18046875 0.0341796875 0.009375
8 0.76640625 0.5265625 0.0361328125 0.021484375
24 0.3859375 0.5265625 0.0251953125 0.0248046875
8 0.49375 0.55859375 0.037109375 0.0359375
8 0.5984375 0.55859375 0.0373046875 0.0361328125
8 0.70234375 0.55859375 0.034375 0.0357421875
28 0.54140625 0.075 0.1205078125 0.0185546875
30 0.6375 0.075 0.031640625 0.0095703125
23 0.69921875 0.075 0.0080078125 0.0095703125
23 0.7234375 0.075 0.0091796875 0.0095703125
23 0.7734375 0.075 0.0091796875 0.0126953125
23 0.5890625 0.02265625 0.015234375 0.0203125
23 0.66484375 0.021875 0.01875 0.018359375
23 0.728125 0.02265625 0.0189453125 0.0173828125
23 0.77421875 0.0265625 0.0080078125 0.008984375
23 0.35546875 0.196875 0.0109375 0.0123046875
23 0.4609375 0.14453125 0.0123046875 0.0109375
23 0.5640625 0.14453125 0.0123046875 0.0109375
23 0.66953125 0.14453125 0.0109375 0.0125
23 0.7734375 0.1453125 0.0095703125 0.009765625
23 0.56484375 0.22109375 0.0125 0.0111328125
23 0.66875 0.2203125 0.0123046875 0.0123046875
23 0.7734375 0.22109375 0.0125 0.0111328125
23 0.46015625 0.22109375 0.0111328125 0.0111328125
23 0.56484375 0.37265625 0.0109375 0.0109375
23 0.46015625 0.3734375 0.0109375 0.009765625
23 0.22734375 0.22734375 0.0078125 0.009375
23 0.22734375 0.246875 0.0078125 0.0091796875
23 0.22734375 0.26640625 0.0078125 0.009375
23 0.22734375 0.28671875 0.0078125 0.009375
23 0.228125 0.30625 0.0064453125 0.009375
21 0.2625 0.19609375 0.078125 0.0109375
27 0.25234375 0.07578125 0.071875 0.0267578125
1 0.7375 0.07421875 0.0439453125 0.0232421875
1 0.7734375 0.07421875 0.021875 0.021875
1 0.7734375 0.0265625 0.022265625 0.0220703125
21 0.30546875 0.01796875 0.18125 0.0173828125
14 0.3640625 0.03828125 0.2970703125 0.0203125
2 0.6609375 0.075 0.096875 0.0216796875
21 0.42578125 0.115625 0.1015625 0.0216796875
21 0.47734375 0.52578125 0.1513671875 0.01875
20 0.5 0.0484375 1 0.0966796875
6 0.290625 0.14921875 0.1498046875 0.05
25 0.42265625 0.1671875 0.0953125 0.0658203125
25 0.52734375 0.16796875 0.0951171875 0.0673828125
25 0.63125 0.16796875 0.0966796875 0.0701171875
25 0.7359375 0.1671875 0.096484375 0.0685546875
25 0.42265625 0.24375 0.0953125 0.0658203125
25 0.52734375 0.24453125 0.0955078125 0.0701171875
25 0.63203125 0.24375 0.0951171875 0.06875
25 0.73671875 0.24375 0.0951171875 0.0685546875
8 0.503125 0.18046875 0.0373046875 0.0080078125