27 0.82421875 0.05078125 0.1140625 0.0328125
28 0.5359375 0.090625 0.6810546875 0.0189453125
28 0.5015625 0.1109375 0.746875 0.0216796875
15 0.5015625 0.15859375 0.7533203125 0.0546875
38 0.35078125 0.325 0.453125 0.25625
2 0.584375 0.0515625 0.1841796875 0.022265625
36 0.75234375 0.2796875 0.253125 0.109765625
14 0.73984375 0.38203125 0.28125 0.0888671875
38 0.80546875 0.52890625 0.1390625 0.0794921875
38 0.80625 0.715625 0.137890625 0.078125
38 0.80546875 0.90390625 0.1392578125 0.0765625
25 0.80546875 0.62265625 0.1375 0.078125
38 0.425 0.8171875 0.165625 0.241015625
20 0.5 0.06328125 1 0.0767578125