27 0.0484375 0.02265625 0.071484375 0.0173828125
28 0.1546875 0.02265625 0.1189453125 0.0140625
30 0.31953125 0.021875 0.1703125 0.0125
1 0.821875 0.021875 0.018359375 0.0158203125
2 0.5296875 0.021875 0.603515625 0.019140625
28 0.78515625 0.0546875 0.4017578125 0.015234375
1 0.8703125 0.02421875 0.05 0.0205078125
1 0.928125 0.0234375 0.044140625 0.021484375
1 0.97578125 0.021875 0.0171875 0.0216796875
22 0.39609375 0.175 0.4076171875 0.1970703125
32 0.396875 0.2609375 0.1658203125 0.015234375
11 0.7078125 0.175 0.1970703125 0.1998046875
1 0.2421875 0.1703125 0.0751953125 0.0189453125
11 0.2921875 0.41875 0.197265625 0.115625
11 0.5 0.384375 0.196875 0.1939453125
11 0.70859375 0.38515625 0.1982421875 0.1984375
7 0.49921875 0.4984375 0.6140625 0.0248046875
6 0.50078125 0.5703125 0.6125 0.102734375