27 0.1265625 0.02421875 0.0439453125 0.0419921875
2 0.50859375 0.02578125 0.240625 0.028125
26 0.5078125 0.025 0.11875 0.018359375
23 0.6140625 0.025 0.0158203125 0.018359375
28 0.8765625 0.02734375 0.027734375 0.01875
20 0.496875 0.05078125 0.9908203125 0.1013671875
11 0.75078125 0.19765625 0.2048828125 0.1794921875
11 0.74921875 0.428125 0.2138671875 0.2783203125
1 0.1953125 0.55 0.0689453125 0.025
1 0.68828125 0.54765625 0.0705078125 0.021875
1 0.19140625 0.75234375 0.06875 0.0205078125
1 0.6875 0.87578125 0.059375 0.021875
18 0.80859375 0.02734375 0.090625 0.0171875