27 0.025 0.01875 0.0220703125 0.0216796875
30 0.2046875 0.01953125 0.071484375 0.009375
23 0.459375 0.01953125 0.0123046875 0.0109375
1 0.459375 0.01875 0.0216796875 0.0216796875
2 0.315625 0.01796875 0.3091796875 0.0201171875
26 0.6265625 0.01953125 0.04375 0.009375
1 0.6265625 0.01875 0.059375 0.018359375
28 0.01875 0.04453125 0.0091796875 0.009375
8 0.265625 0.04375 0.019140625 0.006640625
28 0.2703125 0.04453125 0.4623046875 0.0109375
25 0.03828125 0.08125 0.0482421875 0.028125
25 0.0390625 0.11171875 0.047265625 0.028125
25 0.03828125 0.1421875 0.046875 0.028125
25 0.03828125 0.17265625 0.0482421875 0.028125
25 0.03828125 0.203125 0.0482421875 0.028125
25 0.196875 0.1421875 0.262890625 0.15
36 0.1703125 0.19609375 0.2029296875 0.0294921875
8 0.3625 0.11484375 0.0375 0.0111328125
15 0.41953125 0.14296875 0.1576171875 0.15625
23 0.11015625 0.25390625 0.0173828125 0.0140625
26 0.2171875 0.2546875 0.05625 0.0095703125
26 0.35625 0.25390625 0.0314453125 0.009375
23 0.46171875 0.25390625 0.0080078125 0.0078125
1 0.36328125 0.2703125 0.0548828125 0.0091796875
2 0.25546875 0.253125 0.1390625 0.0189453125
2 0.4046875 0.25390625 0.140625 0.0203125
26 0.50234375 0.2546875 0.021875 0.0125
1 0.50234375 0.25390625 0.0359375 0.0205078125
37 0.56640625 0.25390625 0.0763671875 0.0296875
23 0.5515625 0.24921875 0.0095703125 0.0080078125
23 0.578125 0.24921875 0.0248046875 0.0109375
38 0.0890625 0.33828125 0.1498046875 0.0857421875
14 0.08671875 0.4140625 0.146875 0.0310546875
14 0.25078125 0.409375 0.14375 0.0220703125
25 0.253125 0.33828125 0.1498046875 0.0857421875
20 0.33515625 0.0265625 0.6703125 0.053125
6 0.58125 0.33828125 0.1501953125 0.0859375
15 0.4171875 0.3796875 0.1529296875 0.171484375
21 0.1015625 0.4875 0.1720703125 0.018359375
25 0.08984375 0.546875 0.1484375 0.0845703125
25 0.41796875 0.546875 0.15 0.084375
25 0.58125 0.546875 0.15 0.087109375
28 0.31484375 0.4890625 0.225 0.0123046875