27 0.18515625 0.0265625 0.03125 0.0314453125
30 0.28515625 0.0265625 0.040625 0.015625
1 0.4546875 0.0265625 0.0283203125 0.028125
2 0.36328125 0.02734375 0.2173828125 0.03125
1 0.56796875 0.0265625 0.0861328125 0.0251953125
28 0.1765625 0.06328125 0.0185546875 0.0171875
28 0.384375 0.06171875 0.3658203125 0.0138671875
25 0.2046875 0.115625 0.065625 0.040625
25 0.20390625 0.159375 0.0671875 0.037890625
25 0.203125 0.20234375 0.06875 0.0392578125
25 0.20390625 0.246875 0.0673828125 0.0408203125
25 0.2046875 0.28984375 0.06875 0.040625
22 0.4265625 0.203125 0.3658203125 0.2125
36 0.41015625 0.28046875 0.3267578125 0.04375
23 0.20390625 0.35234375 0.0265625 0.0236328125
6 0.7359375 0.21328125 0.215234375 0.4265625
1 0.54375 0.353125 0.0529296875 0.030859375
23 0.58828125 0.35234375 0.0205078125 0.0236328125
23 0.4890625 0.353125 0.0154296875 0.012109375
2 0.446875 0.35234375 0.1248046875 0.03125
2 0.31484375 0.35234375 0.1234375 0.03125
1 0.2984375 0.375 0.090234375 0.012109375
1 0.4265625 0.375 0.0814453125 0.0126953125
25 0.27734375 0.46875 0.2138671875 0.121875
25 0.27734375 0.7515625 0.2109375 0.1220703125
25 0.5046875 0.7515625 0.215234375 0.1216796875
8 0.42421875 0.421875 0.0544921875 0.0158203125
8 0.4125 0.58984375 0.0310546875 0.0169921875
8 0.41796875 0.828125 0.0419921875 0.0154296875
20 0.390625 0.0375 0.4748046875 0.075
21 0.3 0.665625 0.2623046875 0.034375
21 0.35703125 0.9296875 0.3736328125 0.0341796875