27 0.3328125 0.0296875 0.096875 0.033984375
28 0.7015625 0.03046875 0.0375 0.028125
8 0.62890625 0.0296875 0.0548828125 0.0404296875
23 0.55859375 0.028125 0.0326171875 0.0310546875
23 0.49921875 0.0296875 0.0296875 0.028515625
8 0.42734375 0.01796875 0.0205078125 0.0232421875
6 0.5015625 0.26640625 0.4626953125 0.2955078125
36 0.49921875 0.453125 0.2017578125 0.037890625
34 0.50234375 0.51484375 0.446875 0.0515625
6 0.5 0.73203125 0.4185546875 0.065625
35 0.38671875 0.82734375 0.15625 0.0357421875
35 0.528125 0.8265625 0.1033203125 0.0341796875
35 0.63984375 0.8265625 0.103125 0.034375
35 0.44296875 0.8703125 0.1142578125 0.0341796875
35 0.5625 0.87109375 0.106640625 0.0361328125