6 0.1296875 0.3171875 0.259375 0.6341796875
6 0.8703125 0.3171875 0.259375 0.634375
27 0.303125 0.01484375 0.0595703125 0.0201171875
28 0.50078125 0.040625 0.4794921875 0.0189453125
6 0.5 0.13671875 0.4814453125 0.125
1 0.70078125 0.01484375 0.0546875 0.0171875
26 0.7 0.015625 0.0439453125 0.00625
26 0.6359375 0.015625 0.0310546875 0.006640625
26 0.56484375 0.01484375 0.01875 0.0076171875
26 0.5 0.01484375 0.01875 0.0076171875
8 0.475 0.01015625 0.0064453125 0.0078125
23 0.4796875 0.01484375 0.009765625 0.0109375
23 0.54375 0.01484375 0.0123046875 0.0109375
23 0.60859375 0.01484375 0.0109375 0.0111328125
1 0.48984375 0.01328125 0.0392578125 0.015625
1 0.55625 0.01484375 0.0375 0.0111328125
1 0.62734375 0.01484375 0.0484375 0.0125
15 0.47578125 0.0625 0.4326171875 0.0220703125
28 0.71640625 0.0625 0.0486328125 0.024609375
20 0.50078125 0.0375 0.48125 0.0748046875
23 0.66953125 0.03984375 0.0048828125 0.009375
17 0.67734375 0.040625 0.0044921875 0.0189453125
21 0.3171875 0.21875 0.0875 0.012890625
34 0.346875 0.26484375 0.144140625 0.025
25 0.421875 0.51171875 0.296875 0.1423828125
25 0.65546875 0.475 0.1419921875 0.06875
23 0.71015625 0.50859375 0.01875 0.0173828125
38 0.65546875 0.47890625 0.1421875 0.0794921875
14 0.653125 0.5703125 0.137109375 0.0529296875
14 0.65390625 0.6203125 0.1388671875 0.03125
14 0.38984375 0.62265625 0.234375 0.0265625
11 0.32890625 0.3140625 0.1107421875 0.0466796875
11 0.44453125 0.31484375 0.109375 0.0453125
11 0.5609375 0.31484375 0.1095703125 0.046875
11 0.67578125 0.31484375 0.1076171875 0.046875
23 0.29375 0.31953125 0.021875 0.0140625
23 0.3625 0.31953125 0.0216796875 0.0140625
23 0.41015625 0.31953125 0.0205078125 0.0138671875
23 0.47890625 0.31953125 0.0205078125 0.0140625
23 0.5265625 0.31953125 0.0216796875 0.0138671875
23 0.5953125 0.31953125 0.021875 0.0138671875
23 0.64296875 0.31953125 0.021875 0.0140625
23 0.71171875 0.31953125 0.0205078125 0.0140625
26 0.64296875 0.303125 0.0232421875 0.006640625
26 0.71171875 0.303125 0.0294921875 0.0064453125
26 0.5953125 0.30390625 0.0248046875 0.0076171875
26 0.5265625 0.303125 0.0248046875 0.00625
26 0.4796875 0.30390625 0.0310546875 0.0076171875
26 0.40859375 0.30390625 0.0267578125 0.0076171875
26 0.3625 0.303125 0.024609375 0.00625
26 0.29375 0.30390625 0.024609375 0.0048828125
26 0.66484375 0.35859375 0.059375 0.0078125
1 0.665625 0.35859375 0.1064453125 0.015625
6 0.5 0.35859375 0.4529296875 0.0236328125
26 0.31484375 0.39296875 0.0548828125 0.00625
26 0.37265625 0.39296875 0.03125 0.00625
26 0.41953125 0.39296875 0.0326171875 0.0048828125
26 0.46953125 0.39296875 0.0357421875 0.00625
26 0.5203125 0.39296875 0.033984375 0.0048828125
35 0.3140625 0.3921875 0.0658203125 0.015234375
35 0.37265625 0.39296875 0.0423828125 0.0142578125
35 0.4203125 0.3921875 0.0439453125 0.015234375
35 0.46953125 0.39296875 0.0482421875 0.0142578125
35 0.5203125 0.39296875 0.046484375 0.0142578125
6 0.5 0.39140625 0.450390625 0.0296875