27 0.08515625 0.07109375 0.046875 0.0232421875
28 0.27734375 0.0765625 0.2625 0.0310546875
20 0.50078125 0.0453125 0.95625 0.0904296875
7 0.50078125 0.015625 0.9546875 0.0310546875
23 0.96796875 0.0078125 0.0107421875 0.0091796875
1 0.96015625 0.07109375 0.0330078125 0.0357421875
23 0.96015625 0.071875 0.0142578125 0.015625
1 0.9125 0.07109375 0.0375 0.01875
26 0.91328125 0.071875 0.0263671875 0.0095703125
28 0.86015625 0.040625 0.2078125 0.012109375
18 0.83046875 0.071875 0.1173828125 0.0189453125
26 0.82265625 0.071875 0.0951171875 0.0095703125
23 0.87890625 0.071875 0.0080078125 0.009375
22 0.5 0.1875 0.9560546875 0.194140625
36 0.2046875 0.13984375 0.2875 0.0517578125
14 0.1921875 0.1890625 0.2626953125 0.033984375
1 0.096875 0.253125 0.0654296875 0.019140625
26 0.096875 0.25390625 0.053125 0.0080078125
23 0.24453125 0.32890625 0.0296875 0.028125
23 0.24296875 0.4 0.0296875 0.0189453125
23 0.428125 0.32890625 0.034375 0.03125
23 0.42734375 0.40625 0.0298828125 0.0279296875
23 0.61328125 0.328125 0.0326171875 0.0248046875
23 0.61328125 0.4078125 0.0263671875 0.0310546875
1 0.3109375 0.32109375 0.0779296875 0.0169921875
1 0.31640625 0.4 0.0875 0.01875
1 0.50390625 0.3203125 0.0875 0.0158203125
1 0.4875 0.39765625 0.0564453125 0.0140625
1 0.67890625 0.31875 0.0826171875 0.012890625
1 0.6828125 0.39921875 0.0810546875 0.0169921875
21 0.29453125 0.53828125 0.1423828125 0.0236328125
23 0.24765625 0.60390625 0.0169921875 0.0142578125
23 0.3859375 0.60546875 0.009765625 0.0140625
23 0.525 0.60390625 0.0126953125 0.0111328125
23 0.66328125 0.6046875 0.015625 0.015625