27 0.065625 0.02578125 0.090625 0.028125
18 0.4125 0.025 0.0501953125 0.01875
26 0.91640625 0.025 0.0484375 0.0125
23 0.9515625 0.02421875 0.0123046875 0.0125
1 0.925 0.02421875 0.1001953125 0.034375
1 0.821875 0.025 0.0720703125 0.0185546875
28 0.50078125 0.028125 0.2451171875 0.0279296875
22 0.49921875 0.30546875 0.9625 0.4734375
36 0.25859375 0.27109375 0.1919921875 0.0986328125
14 0.259375 0.35078125 0.19375 0.04375
26 0.203125 0.40234375 0.05 0.0111328125
23 0.23984375 0.4015625 0.0109375 0.0126953125
1 0.21328125 0.40234375 0.1 0.0328125
20 0.49609375 0.034375 0.9921875 0.06875