19 0.50078125 0.6625 0.996875 0.0314453125
27 0.5015625 0.05 0.109375 0.0501953125
18 0.58359375 0.3078125 0.0236328125 0.0126953125
23 0.6234375 0.3078125 0.016015625 0.015625
1 0.62265625 0.30703125 0.0357421875 0.028125
2 0.5 0.30703125 0.2814453125 0.028125
18 0.5 0.3515625 0.190625 0.0248046875
23 0.5828125 0.3515625 0.0095703125 0.009375
26 0.50234375 0.3515625 0.1421875 0.015625
17 0.625 0.35390625 0.040625 0.0080078125
17 0.375 0.35390625 0.0470703125 0.00625
27 0.08828125 0.4265625 0.0265625 0.0310546875
27 0.0890625 0.49921875 0.0251953125 0.0232421875
1 0.146875 0.575 0.0779296875 0.025
27 0.12109375 0.575 0.0169921875 0.018359375
27 0.19921875 0.575 0.0111328125 0.0154296875
1 0.22265625 0.57421875 0.0701171875 0.025
24 0.37578125 0.434375 0.025 0.03125
24 0.375 0.4890625 0.025390625 0.0279296875
24 0.3765625 0.54453125 0.0283203125 0.0267578125
24 0.3765625 0.6015625 0.0279296875 0.0279296875
24 0.58828125 0.43125 0.0236328125 0.025
24 0.58671875 0.4875 0.034375 0.0216796875
24 0.5875 0.54453125 0.0279296875 0.0294921875
24 0.58671875 0.6015625 0.0265625 0.0283203125
24 0.796875 0.43203125 0.028125 0.025
24 0.79765625 0.49140625 0.028125 0.01875
24 0.7984375 0.54609375 0.025 0.0267578125
24 0.79765625 0.60703125 0.0265625 0.0265625