19 0.5 0.82578125 1 0.3484375
1 0.8671875 0.72421875 0.09375 0.0298828125
1 0.8671875 0.7625 0.096484375 0.03125
1 0.8671875 0.79921875 0.0939453125 0.03125
21 0.08515625 0.68984375 0.0826171875 0.0142578125
21 0.3140625 0.82421875 0.084765625 0.0171875
21 0.525 0.6890625 0.059375 0.0158203125
21 0.69921875 0.6890625 0.084375 0.0189453125
21 0.88671875 0.68828125 0.134375 0.01875
23 0.06484375 0.05625 0.0357421875 0.034375
28 0.0640625 0.05546875 0.040625 0.0392578125
27 0.1671875 0.0578125 0.1591796875 0.03125
23 0.08359375 0.01796875 0.0138671875 0.015625
35 0.1734375 0.01796875 0.13125 0.01875
35 0.30625 0.01796875 0.1029296875 0.0203125
23 0.27109375 0.05546875 0.0171875 0.0169921875
30 0.30546875 0.05625 0.0482421875 0.015625
23 0.8625 0.0546875 0.0185546875 0.01875
23 0.93203125 0.04609375 0.0296875 0.021875
26 0.9328125 0.06640625 0.0408203125 0.0109375
2 0.56875 0.05546875 0.6310546875 0.0392578125
20 0.5 0.04375 1 0.0875
21 0.30546875 0.68984375 0.065625 0.0171875