27 0.2375 0.0453125 0.1220703125 0.01875
23 0.15390625 0.04375 0.015625 0.012890625
28 0.1546875 0.04375 0.025 0.025
23 0.31875 0.04375 0.0095703125 0.012109375
30 0.34296875 0.04453125 0.0330078125 0.0111328125
23 0.7078125 0.04375 0.009765625 0.012109375
2 0.5140625 0.04375 0.41875 0.0283203125
23 0.184375 0.01328125 0.0060546875 0.009375
26 0.28203125 0.0140625 0.090625 0.008984375
1 0.28125 0.0140625 0.1001953125 0.0125
26 0.3875 0.0140625 0.06875 0.008984375
1 0.3875 0.0140625 0.080859375 0.0123046875
23 0.76171875 0.0375 0.0107421875 0.0125
23 0.8015625 0.03671875 0.009765625 0.0111328125
23 0.84453125 0.03671875 0.0142578125 0.0138671875
26 0.7609375 0.05234375 0.0251953125 0.0078125
26 0.8015625 0.0515625 0.0220703125 0.0091796875
26 0.84375 0.05234375 0.030859375 0.0078125
8 0.76171875 0.0734375 0.0826171875 0.021875
22 0.5 0.17734375 0.7158203125 0.1859375
29 0.50859375 0.2859375 0.0638671875 0.009375
25 0.22578125 0.371875 0.1673828125 0.125390625
25 0.40859375 0.37109375 0.16875 0.1267578125
25 0.59140625 0.371875 0.1673828125 0.1279296875
25 0.77421875 0.371875 0.1673828125 0.128125
25 0.225 0.5125 0.16875 0.128125
25 0.4078125 0.51328125 0.16875 0.1267578125
25 0.590625 0.51328125 0.1685546875 0.1267578125
25 0.77421875 0.5125 0.1673828125 0.1279296875
21 0.18203125 0.6203125 0.0828125 0.0154296875
20 0.5 0.03515625 1 0.0703125