27 0.225 0.02421875 0.1185546875 0.0171875
1 0.73125 0.0234375 0.050390625 0.025
23 0.790625 0.02265625 0.0185546875 0.0203125
23 0.825 0.0234375 0.01875 0.0185546875
20 0.5 0.0234375 0.69375 0.046875
22 0.49921875 0.25703125 0.665625 0.3921875
36 0.50546875 0.2609375 0.3142578125 0.109765625
29 0.51484375 0.465625 0.0484375 0.0125
21 0.21875 0.77421875 0.1033203125 0.0169921875
25 0.24765625 0.546875 0.1625 0.1220703125
25 0.41640625 0.546875 0.1609375 0.1216796875
25 0.58515625 0.546875 0.1625 0.121875
25 0.75390625 0.546875 0.1611328125 0.121875
25 0.246875 0.67578125 0.1626953125 0.1232421875
25 0.41640625 0.675 0.1625 0.1220703125
25 0.58515625 0.675 0.1611328125 0.124609375
25 0.753125 0.67578125 0.1623046875 0.121875
25 0.24765625 0.8765625 0.1625 0.1591796875
25 0.415625 0.8765625 0.1625 0.159375
25 0.584375 0.87578125 0.1623046875 0.1578125
25 0.753125 0.8765625 0.1623046875 0.1591796875
28 0.49921875 0.978125 0.6703125 0.04375
23 0.23203125 0.978125 0.0234375 0.024609375
23 0.365625 0.978125 0.025390625 0.025
23 0.50234375 0.978125 0.0265625 0.0248046875
23 0.63515625 0.978125 0.0203125 0.01875
23 0.76796875 0.978125 0.0236328125 0.021875