27 0.45390625 0.03671875 0.0515625 0.0455078125
28 0.35390625 0.03671875 0.11875 0.0484375
1 0.553125 0.03671875 0.0501953125 0.05
1 0.64765625 0.03828125 0.1205078125 0.0515625
17 0.50078125 0.07578125 0.4701171875 0.0109375
2 0.5015625 0.1109375 0.4185546875 0.05625
30 0.453125 0.11328125 0.2810546875 0.0294921875
23 0.68203125 0.11015625 0.0263671875 0.0294921875
7 0.50078125 0.2671875 0.4607421875 0.1091796875
6 0.5015625 0.378125 0.4654296875 0.1189453125
12 0.5015625 0.56796875 0.458984375 0.259375
1 0.49921875 0.6484375 0.1455078125 0.053125
1 0.690625 0.6578125 0.044140625 0.0435546875
36 0.503125 0.76171875 0.330859375 0.0390625
1 0.70859375 0.82734375 0.0451171875 0.1642578125
20 0.496875 0.07421875 0.4716796875 0.1482421875