27 0.19609375 0.03984375 0.0609375 0.0548828125
18 0.3578125 0.03984375 0.1875 0.0201171875
30 0.6171875 0.04140625 0.172265625 0.0205078125
2 0.63359375 0.040625 0.23125 0.0466796875
23 0.72421875 0.03984375 0.0203125 0.0267578125
1 0.82578125 0.040625 0.0392578125 0.040625
28 0.1828125 0.109375 0.022265625 0.019140625
28 0.51015625 0.109375 0.6890625 0.0283203125
18 0.4296875 0.11015625 0.166015625 0.01875
18 0.590625 0.109375 0.0939453125 0.018359375
18 0.7296875 0.109375 0.127734375 0.0216796875
7 0.49921875 0.2265625 0.6951171875 0.084375
12 0.50078125 0.459375 0.6951171875 0.3841796875
12 0.5328125 0.59609375 0.059765625 0.0232421875
23 0.57265625 0.59765625 0.009375 0.0201171875
1 0.5375 0.5953125 0.1185546875 0.040625
28 0.52265625 0.77265625 0.6794921875 0.065625
20 0.49921875 0.0921875 0.7015625 0.184375
1 0.34375 0.159375 0.3873046875 0.046875
1 0.69296875 0.159375 0.3080078125 0.046875