27 0.06328125 0.02265625 0.1080078125 0.0267578125
18 0.1875 0.021875 0.096875 0.012890625
30 0.38203125 0.02265625 0.1203125 0.0125
2 0.5390625 0.02109375 0.452734375 0.0263671875
23 0.84609375 0.021875 0.0203125 0.0216796875
1 0.96171875 0.021875 0.05625 0.0216796875
18 0.14609375 0.0578125 0.0888671875 0.0123046875
18 0.23046875 0.0578125 0.0515625 0.0123046875
18 0.30390625 0.0578125 0.0673828125 0.0123046875
18 0.3921875 0.05859375 0.077734375 0.0125
18 0.47578125 0.05859375 0.0638671875 0.0125
18 0.5375 0.0578125 0.03125 0.009765625
28 0.284375 0.0578125 0.546875 0.0158203125
7 0.5 0.11328125 1 0.0296875
12 0.5 0.29375 1 0.3283203125
28 0.5 0.396875 0.580859375 0.034375
21 0.5015625 0.53359375 0.247265625 0.0173828125
20 0.5 0.0484375 0.9998046875 0.096875