27 0.2265625 0.0203125 0.1314453125 0.0189453125
28 0.38828125 0.0203125 0.140625 0.0216796875
6 0.709375 0.2921875 0.190625 0.38125
15 0.43359375 0.2734375 0.2955078125 0.175
15 0.43515625 0.4859375 0.296875 0.146484375
15 0.428125 0.72734375 0.2998046875 0.2453125
15 0.43359375 0.94609375 0.2892578125 0.1013671875
21 0.3578125 0.17734375 0.1251953125 0.0169921875
21 0.38046875 0.3953125 0.178125 0.0189453125
21 0.34375 0.58671875 0.1064453125 0.0205078125
21 0.33828125 0.878125 0.0892578125 0.015625
20 0.4984375 0.01875 0.996875 0.0375