27 0.11796875 0.01796875 0.0923828125 0.0267578125
23 0.06015625 0.0171875 0.015625 0.0154296875
2 0.3015625 0.0171875 0.2654296875 0.025
30 0.2171875 0.0171875 0.0841796875 0.0126953125
23 0.41796875 0.01640625 0.0111328125 0.0125
1 0.41796875 0.0171875 0.0294921875 0.0216796875
14 0.61875 0.01796875 0.175390625 0.0171875
1 0.84609375 0.01796875 0.0826171875 0.0203125
26 0.84609375 0.01796875 0.0673828125 0.0138671875
1 0.909375 0.01875 0.0341796875 0.0126953125
23 0.93828125 0.01640625 0.0138671875 0.0140625
18 0.08984375 0.04453125 0.0794921875 0.0173828125
35 0.1625 0.0453125 0.0623046875 0.015625
35 0.22734375 0.04609375 0.0642578125 0.0169921875
35 0.2921875 0.0453125 0.058984375 0.0185546875
35 0.3484375 0.04609375 0.0498046875 0.0171875
35 0.39921875 0.0453125 0.0484375 0.016015625
35 0.4453125 0.0453125 0.040234375 0.0185546875
35 0.48515625 0.0453125 0.0361328125 0.0185546875
35 0.53671875 0.0453125 0.0607421875 0.0158203125
35 0.57890625 0.0453125 0.0173828125 0.0154296875
35 0.471875 0.06484375 0.04375 0.0169921875
25 0.31953125 0.15703125 0.1794921875 0.1013671875
8 0.3375 0.2375 0.028125 0.0125
8 0.39296875 0.115625 0.0236328125 0.012109375
20 0.49609375 0.053125 0.9921875 0.10625
25 0.8609375 0.15703125 0.1779296875 0.1015625