27 0.16171875 0.0703125 0.115625 0.0404296875
1 0.7765625 0.06953125 0.047265625 0.0232421875
1 0.66484375 0.06953125 0.0638671875 0.0296875
1 0.8671875 0.021875 0.0375 0.0220703125
1 0.9171875 0.0234375 0.0466796875 0.015234375
24 0.8296875 0.07109375 0.021875 0.0234375
24 0.86484375 0.0703125 0.0234375 0.0189453125
1 0.87734375 0.071875 0.0484375 0.021875
2 0.46875 0.0703125 0.456640625 0.034375
28 0.38125 0.1046875 0.5626953125 0.0154296875
22 0.39765625 0.21328125 0.5888671875 0.1705078125
25 0.1609375 0.334375 0.1095703125 0.0564453125
25 0.2796875 0.334375 0.109765625 0.0564453125
25 0.3984375 0.334375 0.109765625 0.0564453125
25 0.5171875 0.334375 0.109375 0.059375
25 0.63671875 0.33359375 0.1111328125 0.0576171875
28 0.79375 0.21171875 0.175 0.0875
6 0.80703125 0.540625 0.1857421875 0.1564453125
6 0.80703125 0.709375 0.1890625 0.1595703125
20 0.4984375 0.0640625 0.99375 0.128125
36 0.5734375 0.1796875 0.1966796875 0.072265625