27 0.5015625 0.03671875 0.14375 0.0421875
28 0.32265625 0.0359375 0.1669921875 0.0375
28 0.68046875 0.03828125 0.1625 0.0375
28 0.24375 0.5015625 0.1060546875 0.734765625
34 0.44375 0.14453125 0.2810546875 0.0232421875
15 0.40234375 0.2359375 0.1888671875 0.1283203125
20 0.49765625 0.0546875 0.6203125 0.109375
23 0.2 0.00546875 0.0091796875 0.009375
2 0.453125 0.08984375 0.25 0.0205078125
1 0.628125 0.0890625 0.087109375 0.021875
26 0.63359375 0.0890625 0.021875 0.0125
23 0.615625 0.08984375 0.0095703125 0.0107421875
6 0.7 0.2265625 0.21875 0.1876953125