23 0.77578125 0.01953125 0.0201171875 0.0205078125
1 0.79765625 0.02109375 0.0734375 0.0263671875
27 0.2796875 0.503125 0.096875 0.053125
1 0.7359375 0.50703125 0.0689453125 0.0357421875
30 0.3828125 0.50546875 0.08125 0.0173828125
2 0.5515625 0.50546875 0.4341796875 0.0388671875
23 0.3875 0.9453125 0.01875 0.0310546875
26 0.365625 0.4515625 0.040625 0.0125
26 0.42890625 0.4515625 0.0361328125 0.0125
26 0.490625 0.45078125 0.0283203125 0.0140625
26 0.55234375 0.45078125 0.028125 0.0138671875
26 0.61484375 0.4515625 0.034375 0.0123046875
26 0.67734375 0.45 0.0390625 0.0126953125
26 0.73984375 0.45078125 0.0263671875 0.0138671875
24 0.365625 0.421875 0.0439453125 0.0408203125
24 0.4265625 0.421875 0.0375 0.037890625
24 0.490625 0.4203125 0.0466796875 0.0404296875
24 0.55234375 0.421875 0.0423828125 0.0404296875
24 0.61328125 0.42109375 0.040625 0.040625
24 0.67734375 0.421875 0.0419921875 0.040625
24 0.7375 0.42265625 0.049609375 0.0419921875
19 0.5 0.94453125 1 0.1109375