27 0.5 0.3265625 0.0439453125 0.046484375
14 0.49921875 0.37734375 0.184375 0.04375
1 0.5 0.43046875 0.187109375 0.0330078125
2 0.5 0.48125 0.1845703125 0.0345703125
30 0.4734375 0.48125 0.1154296875 0.015625
1 0.42890625 0.51015625 0.0451171875 0.0109375
1 0.5 0.54375 0.1845703125 0.0279296875
26 0.5 0.54375 0.0314453125 0.0123046875
26 0.49921875 0.58203125 0.0544921875 0.0125
1 0.5 0.58203125 0.184375 0.028125
23 0.41796875 0.65390625 0.0107421875 0.0125
23 0.45234375 0.6546875 0.0140625 0.0126953125
23 0.4796875 0.65390625 0.015234375 0.0171875
23 0.546875 0.6546875 0.015625 0.015625
23 0.5828125 0.65390625 0.015234375 0.0080078125
1 0.49765625 0.68828125 0.0984375 0.0142578125
23 0.3875 0.31875 0.0279296875 0.0279296875
28 0.3875 0.31953125 0.0283203125 0.0265625
19 0.50078125 0.97265625 0.9953125 0.0546875