6 0.5 0.04453125 0.7501953125 0.0859375
27 0.50078125 0.12421875 0.1203125 0.0548828125
6 0.94921875 0.18671875 0.1015625 0.3734375
28 0.80390625 0.1390625 0.16875 0.0154296875
28 0.5 0.16953125 0.7720703125 0.0201171875
15 0.49921875 0.22734375 0.7763671875 0.0669921875
6 0.5 0.31328125 0.775390625 0.0890625
36 0.71328125 0.44453125 0.3515625 0.0857421875
14 0.71328125 0.5234375 0.353125 0.0654296875
25 0.30390625 0.47265625 0.3828125 0.215625
6 0.6 0.66953125 0.187890625 0.1580078125
6 0.6015625 0.83046875 0.190234375 0.1484375
11 0.30390625 0.62734375 0.3826171875 0.0732421875
11 0.30390625 0.70703125 0.3826171875 0.0734375
11 0.30234375 0.78671875 0.38125 0.0732421875
11 0.303125 0.8671875 0.3814453125 0.0720703125
20 0.4984375 0.140625 0.7810546875 0.109375