6 0.80859375 0.32109375 0.2076171875 0.2109375
27 0.15 0.0390625 0.1220703125 0.0283203125
2 0.465625 0.03984375 0.4908203125 0.0265625
30 0.2984375 0.0390625 0.1095703125 0.0123046875
23 0.23125 0.0390625 0.012109375 0.0123046875
1 0.75859375 0.0390625 0.0609375 0.021875
23 0.73984375 0.03828125 0.0109375 0.0125
26 0.76484375 0.040625 0.034375 0.012109375
23 0.82109375 0.03671875 0.0109375 0.0140625
26 0.84296875 0.03828125 0.0267578125 0.0107421875
1 0.83671875 0.0375 0.0423828125 0.0185546875
23 0.90078125 0.0390625 0.0232421875 0.0248046875
18 0.14765625 0.07421875 0.04375 0.015625
18 0.2671875 0.0734375 0.065234375 0.015234375
18 0.86328125 0.07421875 0.0640625 0.0138671875
28 0.51015625 0.07421875 0.7796875 0.0205078125
35 0.1140625 0.11484375 0.053125 0.0203125
35 0.16640625 0.11484375 0.0484375 0.0203125
35 0.221875 0.1140625 0.0591796875 0.021484375
35 0.275 0.11484375 0.044140625 0.0203125
35 0.31875 0.1140625 0.040625 0.0216796875
35 0.36484375 0.1140625 0.0486328125 0.0216796875
35 0.415625 0.1140625 0.0498046875 0.021484375
35 0.4578125 0.1140625 0.0310546875 0.0216796875
35 0.5 0.1140625 0.0498046875 0.021484375
35 0.54140625 0.11484375 0.0296875 0.0205078125
21 0.2171875 0.153125 0.2564453125 0.012890625
17 0.45078125 0.16484375 0.728125 0.0048828125
25 0.1875 0.24375 0.199609375 0.1123046875
23 0.27890625 0.31875 0.0125 0.0095703125
23 0.48515625 0.31875 0.0109375 0.0095703125
8 0.4515625 0.290625 0.0251953125 0.0123046875
8 0.47890625 0.290625 0.0234375 0.0123046875
25 0.39375 0.24375 0.199609375 0.1126953125
25 0.5984375 0.24296875 0.1970703125 0.1125
13 0.39375 0.41015625 0.6126953125 0.453125
20 0.49609375 0.04453125 0.9921875 0.0888671875
21 0.20078125 0.6703125 0.2265625 0.015234375
28 0.5 0.72265625 0.828125 0.0611328125