28 0.0234375 0.01875 0.016015625 0.015625
27 0.07890625 0.01640625 0.0701171875 0.0265625
30 0.3234375 0.01796875 0.0345703125 0.0125
1 0.6546875 0.0171875 0.0375 0.0248046875
1 0.69296875 0.0171875 0.0265625 0.0251953125
1 0.9484375 0.0171875 0.059765625 0.0220703125
2 0.4859375 0.0171875 0.3783203125 0.0279296875
28 0.57734375 0.05234375 0.8265625 0.0236328125
28 0.06484375 0.38125 0.1048828125 0.1685546875
28 0.065625 0.59609375 0.1091796875 0.0890625
28 0.0609375 0.7109375 0.097265625 0.0935546875
6 0.56875 0.15078125 0.840625 0.1640625
1 0.2 0.2 0.062109375 0.024609375
27 0.21875 0.103125 0.1033203125 0.019140625
14 0.3015625 0.1375 0.2685546875 0.0345703125
1 0.05078125 0.2453125 0.0625 0.0248046875
23 0.021875 0.05625 0.0154296875 0.015625
23 0.021875 0.0796875 0.012890625 0.0154296875
23 0.02265625 0.10546875 0.0173828125 0.0169921875
23 0.02265625 0.1453125 0.0171875 0.0154296875
23 0.02109375 0.17109375 0.0173828125 0.0171875
23 0.03359375 0.2453125 0.0140625 0.0158203125
23 0.021875 0.30703125 0.015625 0.0171875
23 0.02265625 0.33203125 0.0111328125 0.0138671875
23 0.02265625 0.35625 0.0140625 0.0126953125
23 0.021875 0.38203125 0.015625 0.0109375
23 0.021875 0.40703125 0.0158203125 0.0125
23 0.021875 0.43125 0.0125 0.018359375
23 0.021875 0.45625 0.0126953125 0.0125
23 0.02265625 0.4984375 0.0142578125 0.016015625
23 0.02265625 0.55859375 0.0171875 0.0109375
23 0.02265625 0.5828125 0.0142578125 0.0154296875
23 0.02265625 0.60859375 0.0142578125 0.0109375
23 0.02265625 0.6328125 0.0142578125 0.009765625
23 0.02109375 0.6734375 0.015625 0.0154296875
23 0.021875 0.6984375 0.0158203125 0.015234375
23 0.021875 0.72421875 0.015625 0.0140625
23 0.021875 0.7484375 0.012890625 0.0126953125
23 0.93203125 0.0171875 0.015625 0.0126953125
23 0.6546875 0.01640625 0.0154296875 0.0111328125
23 0.6921875 0.01796875 0.0123046875 0.0140625
23 0.9703125 0.08984375 0.0126953125 0.0142578125
23 0.23515625 0.41875 0.0111328125 0.0091796875
23 0.1765625 0.69296875 0.015234375 0.0171875
23 0.56875 0.97890625 0.0123046875 0.0109375
26 0.178125 0.05234375 0.012109375 0.009375
26 0.21796875 0.05234375 0.0267578125 0.0125
26 0.259375 0.05234375 0.019140625 0.0109375
26 0.31328125 0.053125 0.0484375 0.0126953125
26 0.375 0.0515625 0.0375 0.0125
26 0.45234375 0.0515625 0.0765625 0.0125
26 0.52734375 0.05234375 0.0328125 0.0111328125
26 0.603125 0.0515625 0.0814453125 0.0126953125
26 0.67734375 0.0515625 0.025 0.0125
26 0.73828125 0.05234375 0.059375 0.0125
26 0.803125 0.05234375 0.0283203125 0.0138671875
26 0.87578125 0.0515625 0.0828125 0.009765625
35 0.21640625 0.053125 0.0390625 0.019140625
35 0.259375 0.0515625 0.031640625 0.0185546875
35 0.31328125 0.0515625 0.0609375 0.0189453125
35 0.17734375 0.05234375 0.025 0.01875
35 0.375 0.05234375 0.050390625 0.0201171875
35 0.45234375 0.0515625 0.090625 0.021484375
35 0.52734375 0.05234375 0.0455078125 0.021875
35 0.60390625 0.053125 0.0951171875 0.024609375
35 0.678125 0.053125 0.0373046875 0.021875
35 0.7390625 0.0515625 0.0689453125 0.021875
35 0.80234375 0.05234375 0.0392578125 0.021875
35 0.87734375 0.05234375 0.09375 0.0232421875
26 0.20078125 0.2 0.0419921875 0.0125
25 0.2625 0.32265625 0.1939453125 0.1107421875
25 0.17578125 0.39609375 0.0232421875 0.0234375
25 0.38125 0.39609375 0.0248046875 0.0236328125
25 0.46796875 0.32265625 0.1953125 0.1109375
21 0.20859375 0.69296875 0.040625 0.0173828125
25 0.21875 0.81171875 0.1064453125 0.1921875
25 0.33515625 0.8125 0.1076171875 0.193359375
25 0.45234375 0.81171875 0.1078125 0.1921875
25 0.5703125 0.8109375 0.108984375 0.190625
14 0.2046875 0.925 0.0845703125 0.025
17 0.5703125 0.6671875 0.8126953125 0.0095703125