27 0.29375 0.025 0.219140625 0.0310546875
1 0.8 0.02578125 0.0373046875 0.015625
23 0.8125 0.025 0.00625 0.006640625
36 0.5 0.35859375 0.1591796875 0.0201171875
21 0.3734375 0.40703125 0.0939453125 0.0171875
21 0.62734375 0.40703125 0.1484375 0.0201171875
26 0.37421875 0.490625 0.115625 0.0125
1 0.3734375 0.490625 0.1876953125 0.025390625
1 0.6265625 0.490625 0.1875 0.0279296875
26 0.6265625 0.490625 0.078125 0.0125
1 0.67890625 0.52421875 0.0423828125 0.0125
14 0.4984375 0.62265625 0.4716796875 0.0455078125
31 0.50078125 0.51171875 0.5078125 0.3578125