27 0.3359375 0.01796875 0.1779296875 0.0294921875
1 0.73984375 0.0203125 0.0326171875 0.0158203125
23 0.74921875 0.0203125 0.0048828125 0.008984375
36 0.5 0.2046875 0.130859375 0.016015625
26 0.4 0.3109375 0.09375 0.009375
26 0.6015625 0.3109375 0.0625 0.0095703125
26 0.6421875 0.3375 0.0345703125 0.0125
26 0.365625 0.346875 0.0435546875 0.012109375
26 0.44140625 0.346875 0.0453125 0.009375
26 0.3515625 0.3703125 0.0498046875 0.0123046875
1 0.39921875 0.31015625 0.15 0.0232421875
1 0.60078125 0.3109375 0.15 0.0248046875
19 0.50078125 0.478125 0.4017578125 0.0158203125
23 0.315625 0.440625 0.00625 0.0091796875
14 0.4 0.4390625 0.1591796875 0.009765625
14 0.496875 0.415625 0.3748046875 0.03125