27 0.34765625 0.08984375 0.1765625 0.0296875
18 0.36328125 0.0625 0.0236328125 0.0125
28 0.3203125 0.0625 0.1251953125 0.015625
28 0.65078125 0.06171875 0.1919921875 0.0171875
2 0.6859375 0.090625 0.1095703125 0.019140625
26 0.65 0.08984375 0.0279296875 0.0138671875
1 0.7296875 0.08984375 0.016015625 0.0173828125
18 0.3921875 0.121875 0.0310546875 0.012109375
18 0.4640625 0.121875 0.0498046875 0.012109375
18 0.5359375 0.121875 0.034375 0.0125
18 0.6546875 0.121875 0.0529296875 0.0126953125
18 0.69921875 0.121875 0.0265625 0.0095703125
35 0.28828125 0.14609375 0.0578125 0.0173828125
35 0.36640625 0.1453125 0.0919921875 0.01875
35 0.45390625 0.14609375 0.0763671875 0.01875
35 0.521875 0.1453125 0.0529296875 0.0185546875
28 0.4875 0.121875 0.4591796875 0.012890625
20 0.5 0.090625 0.499609375 0.0841796875
22 0.5 0.28046875 0.496875 0.2138671875
36 0.41015625 0.309375 0.3048828125 0.0376953125
14 0.41171875 0.35546875 0.3125 0.0375
1 0.6546875 0.6125 0.0814453125 0.0216796875
31 0.5 0.6125 0.496875 0.0533203125
25 0.37890625 0.45625 0.175 0.1
25 0.378125 0.5546875 0.175 0.059765625
21 0.57890625 0.43671875 0.1986328125 0.0328125
14 0.58828125 0.47421875 0.2201171875 0.0390625
21 0.58125 0.553125 0.2064453125 0.028125