19 0.5 0.9484375 1 0.103125
34 0.5515625 0.35625 0.1248046875 0.0310546875
36 0.50078125 0.2875 0.0875 0.0560546875
1 0.31796875 0.6125 0.0580078125 0.019140625
1 0.378125 0.6125 0.0529296875 0.01875
1 0.434375 0.61328125 0.050390625 0.01875
2 0.60390625 0.4 0.221875 0.0251953125
23 0.54140625 0.39765625 0.0076171875 0.0107421875
30 0.5140625 0.39765625 0.0375 0.0125
30 0.5765625 0.3984375 0.0279296875 0.009765625
30 0.534375 0.43359375 0.0810546875 0.0125
2 0.6046875 0.43671875 0.222265625 0.0236328125
26 0.603125 0.49765625 0.0404296875 0.0125
1 0.60390625 0.49765625 0.2203125 0.0234375
23 0.55078125 0.5640625 0.0234375 0.022265625
23 0.60390625 0.5640625 0.0234375 0.0220703125
23 0.65703125 0.5640625 0.0234375 0.022265625
14 0.60546875 0.60390625 0.2265625 0.0294921875