27 0.5 0.0203125 0.090625 0.0283203125
28 0.2859375 0.01953125 0.20625 0.0201171875
28 0.71015625 0.01953125 0.1888671875 0.0171875
25 0.46640625 0.35 0.1296875 0.125
25 0.6015625 0.35078125 0.1283203125 0.1234375
25 0.73359375 0.35 0.1296875 0.1220703125
1 0.303125 0.36875 0.0466796875 0.0251953125
11 0.2953125 0.55625 0.1908203125 0.1595703125
11 0.5015625 0.55703125 0.1935546875 0.1611328125
11 0.7046875 0.55546875 0.1908203125 0.159375
2 0.49921875 0.1265625 0.3298828125 0.0345703125
22 0.5 0.1421875 1 0.2033203125
36 0.49765625 0.08515625 0.1857421875 0.0205078125
23 0.6515625 0.1265625 0.015234375 0.021875
20 0.5 0.01953125 0.9998046875 0.0390625