23 0.29921875 0.034375 0.028125 0.028125
23 0.6609375 0.203125 0.0341796875 0.031640625
27 0.49765625 0.0375 0.1423828125 0.0408203125
1 0.68046875 0.03984375 0.0609375 0.0267578125
1 0.5015625 0.5328125 0.1060546875 0.058984375
26 0.5 0.5328125 0.0689453125 0.0283203125
36 0.5015625 0.1296875 0.3060546875 0.034375
21 0.49921875 0.43671875 0.3390625 0.034375
14 0.4984375 0.478125 0.3875 0.030859375
28 0.30078125 0.03515625 0.0361328125 0.0361328125
22 0.50078125 0.1828125 0.4609375 0.365625
30 0.4765625 0.20546875 0.3001953125 0.0298828125
2 0.5015625 0.2046875 0.384765625 0.071875
25 0.40859375 0.68125 0.1732421875 0.174609375
25 0.5890625 0.68203125 0.1720703125 0.1734375
12 0.49921875 0.71015625 0.4638671875 0.228125
20 0.5 0.028125 0.462109375 0.05625