27 0.51484375 0.028125 0.1140625 0.037109375
28 0.175 0.025 0.03125 0.024609375
1 0.81015625 0.02890625 0.0486328125 0.0173828125
36 0.5125 0.12109375 0.3126953125 0.0357421875
30 0.5 0.18046875 0.3123046875 0.0201171875
23 0.68046875 0.17890625 0.021875 0.0234375
2 0.51328125 0.1796875 0.378125 0.0591796875
22 0.5 0.20703125 0.6935546875 0.4111328125
30 0.31796875 0.61875 0.0513671875 0.019140625
1 0.31640625 0.61640625 0.0767578125 0.040625
25 0.5875 0.5859375 0.2189453125 0.2126953125
25 0.775 0.58671875 0.1470703125 0.2125
26 0.5578125 0.9609375 0.102734375 0.016015625
1 0.55703125 0.959375 0.1267578125 0.040625
21 0.546875 0.81484375 0.1091796875 0.0298828125
24 0.36484375 0.8765625 0.2140625 0.177734375
21 0.31640625 0.5484375 0.2423828125 0.0310546875
20 0.5 0.02578125 0.6966796875 0.0515625
14 0.62421875 0.8828125 0.2705078125 0.0845703125