27 0.290625 0.109375 0.2341796875 0.056640625
28 0.8078125 0.10859375 0.03125 0.0296875
20 0.50078125 0.075 0.6955078125 0.15
18 0.67421875 0.1828125 0.3017578125 0.040234375
18 0.6734375 0.2984375 0.296484375 0.0375
2 0.67421875 0.3421875 0.2953125 0.0345703125
2 0.67421875 0.3859375 0.2982421875 0.0404296875
30 0.5796875 0.38671875 0.0748046875 0.0201171875
33 0.6203125 0.4328125 0.190234375 0.040234375
2 0.78203125 0.4328125 0.0798828125 0.0375
2 0.6734375 0.478125 0.296875 0.040625
34 0.32578125 0.184375 0.3080078125 0.0376953125
15 0.325 0.4140625 0.3095703125 0.259765625
1 0.25625 0.56484375 0.16875 0.0236328125
1 0.20546875 0.81640625 0.0171875 0.0171875
1 0.365625 0.81640625 0.018359375 0.0171875
2 0.3265625 0.8609375 0.2966796875 0.0375
18 0.3265625 0.90546875 0.2970703125 0.034375
18 0.3265625 0.9484375 0.296875 0.034375
23 0.1890625 0.034375 0.0185546875 0.021875
1 0.70234375 0.0328125 0.234375 0.0404296875