31 0.5046875 0.17421875 0.4091796875 0.1515625
1 0.4546875 0.2203125 0.0873046875 0.0283203125
1 0.5515625 0.2203125 0.096875 0.0283203125
26 0.45546875 0.2203125 0.0642578125 0.009765625
26 0.5515625 0.21953125 0.0841796875 0.0111328125
23 0.690625 0.1171875 0.0095703125 0.0123046875
1 0.36015625 0.1859375 0.0767578125 0.0126953125
32 0.12265625 0.1328125 0.075 0.0064453125
20 0.5 0.034375 1 0.0685546875
26 0.79140625 0.04375 0.0703125 0.0154296875
1 0.7921875 0.04453125 0.096484375 0.0267578125
26 0.890625 0.0453125 0.068359375 0.0154296875
1 0.88984375 0.04453125 0.090625 0.0294921875
28 0.765625 0.01328125 0.340625 0.0169921875
18 0.87421875 0.0125 0.0328125 0.0095703125
27 0.1125 0.04453125 0.075 0.0234375
28 0.309375 0.046875 0.2876953125 0.021875
1 0.275 0.0875 0.375390625 0.0220703125
36 0.2375 0.43046875 0.3158203125 0.0875
26 0.14375 0.59453125 0.0779296875 0.0138671875
1 0.14296875 0.5953125 0.1125 0.0283203125
1 0.25390625 0.59609375 0.0857421875 0.0142578125
25 0.584375 0.571875 0.2470703125 0.187890625
25 0.81875 0.4171875 0.1875 0.2533203125
19 0.5 0.946875 1 0.10625
21 0.55 0.93046875 0.4220703125 0.0232421875
35 0.38359375 0.96484375 0.0830078125 0.0263671875
35 0.4890625 0.9640625 0.103515625 0.027734375
35 0.603125 0.96328125 0.1 0.0294921875
35 0.740625 0.9640625 0.150390625 0.028125
35 0.890625 0.96328125 0.1251953125 0.0265625
1 0.96953125 0.96875 0.0392578125 0.0345703125
23 0.9703125 0.96953125 0.0251953125 0.0263671875